(28.71524, -81.449092), 
(28.715178, -81.449273), 
(28.715146, -81.449329), 
(28.715112, -81.449385), 
(28.714904, -81.449653), 
(28.7147, -81.449972), 
(28.714645, -81.450053), 
(28.7146, -81.450147), 
(28.714517, -81.450409), 
(28.714419, -81.450814), 
(28.714368, -81.451158), 
(28.714274, -81.451545), 
(28.714276, -81.451851), 
(28.714313, -81.452157), 
(28.714413, -81.452499), 
(28.714446, -81.452787), 
(28.714357, -81.453042), 
(28.714275, -81.453336), 
(28.714308, -81.453754), 
(28.714369, -81.45426), 
(28.714429, -81.454572), 
(28.714413, -81.454821), 
(28.714375, -81.455196), 
(28.714269, -81.456008), 
(28.714209, -81.456332), 
(28.714199, -81.456682), 
(28.714258, -81.456993), 
(28.71434, -81.457418), 
(28.714357, -81.457786), 
(28.714297, -81.458117), 
(28.714263, -81.458192), 
(28.714181, -81.458398), 
(28.713917, -81.459028), 
(28.713702, -81.45934), 
(28.71346, -81.459428), 
(28.712876, -81.459434), 
(28.710396, -81.459452), 
(28.709559, -81.459458), 
(28.707584, -81.459464), 
(28.704833, -81.459476), 
(28.702554, -81.459487), 
(28.699907, -81.459493), 
(28.698384, -81.459499), 
(28.691009, -81.459566), 
(28.683725, -81.459627), 
(28.67436, -81.459632), 
(28.669211, -81.459643), 
(28.662157, -81.459641), 
(28.653665, -81.459677), 
(28.647008, -81.4597), 
(28.640184, -81.459736), 
(28.640141, -81.451622), 
(28.640093, -81.443607), 
(28.640087, -81.442602), 
(28.640071, -81.437164), 
(28.640119, -81.424222), 
(28.640167, -81.415322), 
(28.640215, -81.405984), 
(28.640268, -81.398207), 
(28.640311, -81.392069), 
(28.640315, -81.391271), 
(28.640322, -81.390379), 
(28.640331, -81.388177), 
(28.640337, -81.387423), 
(28.640348, -81.38625), 
(28.640346, -81.385838), 
(28.640357, -81.383625), 
(28.640375, -81.37574), 
(28.640376, -81.375342), 
(28.640368, -81.375), 
(28.640364, -81.374789), 
(28.640404, -81.371913), 
(28.640467, -81.367766), 
(28.640483, -81.365808), 
(28.640489, -81.365514), 
(28.640489, -81.365271), 
(28.640524, -81.361635), 
(28.639457, -81.361622), 
(28.639402, -81.359115), 
(28.639402, -81.357437), 
(28.639408, -81.356838), 
(28.63942, -81.353282), 
(28.639432, -81.34858), 
(28.63954, -81.336181), 
(28.639595, -81.331366), 
(28.639633, -81.328502), 
(28.636409, -81.328409), 
(28.631792, -81.328215), 
(28.631287, -81.328196), 
(28.629818, -81.32814), 
(28.625278, -81.328033), 
(28.625, -81.328008), 
(28.623985, -81.327996), 
(28.622945, -81.32799), 
(28.62192, -81.327977), 
(28.621376, -81.327971), 
(28.617766, -81.327901), 
(28.610498, -81.3278), 
(28.610802, -81.308658), 
(28.610801, -81.305234), 
(28.610894, -81.29494), 
(28.610955, -81.290799), 
(28.611024, -81.285611), 
(28.611089, -81.282406), 
(28.611336, -81.266203), 
(28.611581, -81.25), 
(28.611584, -81.249783), 
(28.611569, -81.249783), 
(28.611609, -81.246216), 
(28.611646, -81.244227), 
(28.611683, -81.239107), 
(28.6117, -81.23824), 
(28.611734, -81.234363), 
(28.61174, -81.232124), 
(28.611729, -81.231893), 
(28.611708, -81.231057), 
(28.611736, -81.227578), 
(28.61173, -81.227029), 
(28.611748, -81.226144), 
(28.611764, -81.226013), 
(28.611792, -81.224117), 
(28.611781, -81.223836), 
(28.611792, -81.222258), 
(28.611794, -81.219883), 
(28.611805, -81.217544), 
(28.611799, -81.215487), 
(28.611811, -81.214825), 
(28.6118, -81.214576), 
(28.611801, -81.21255), 
(28.611817, -81.212375), 
(28.611794, -81.211452), 
(28.611827, -81.210193), 
(28.611872, -81.209014), 
(28.611878, -81.207954), 
(28.611861, -81.207543), 
(28.611862, -81.20662), 
(28.611901, -81.202236), 
(28.611973, -81.197322), 
(28.61199, -81.195202), 
(28.612082, -81.185705), 
(28.612088, -81.181266), 
(28.612105, -81.178697), 
(28.612094, -81.174575), 
(28.612099, -81.169194), 
(28.612058, -81.162329), 
(28.612074, -81.160133), 
(28.612113, -81.157489), 
(28.612177, -81.150655), 
(28.61221, -81.145947), 
(28.612516, -81.125), 
(28.612519, -81.124783), 
(28.612515, -81.124755), 
(28.612485, -81.124599), 
(28.612486, -81.124175), 
(28.612503, -81.122616), 
(28.612526, -81.121999), 
(28.612545, -81.115757), 
(28.612585, -81.111036), 
(28.612587, -81.108455), 
(28.612608, -81.107576), 
(28.612598, -81.106142), 
(28.612651, -81.099289), 
(28.612634, -81.097749), 
(28.612662, -81.095828), 
(28.612707, -81.081879), 
(28.612731, -81.080532), 
(28.612774, -81.079784), 
(28.612736, -81.075887), 
(28.612764, -81.074047), 
(28.612836, -81.064457), 
(28.612875, -81.062948), 
(28.612865, -81.061919), 
(28.612963, -81.054118), 
(28.612972, -81.052371), 
(28.612957, -81.050756), 
(28.612966, -81.035722), 
(28.612954, -81.03069), 
(28.61297, -81.029966), 
(28.612948, -81.029368), 
(28.612982, -81.013866), 
(28.613127, -81.0), 
(28.613129, -80.999779), 
(28.613142, -80.997532), 
(28.613142, -80.996939), 
(28.613178, -80.987867), 
(28.612964, -80.98748), 
(28.612668, -80.9871), 
(28.611918, -80.986326), 
(28.611727, -80.986008), 
(28.611655, -80.985758), 
(28.611639, -80.985627), 
(28.611727, -80.985403), 
(28.611799, -80.985334), 
(28.611887, -80.985278), 
(28.612469, -80.98511), 
(28.612564, -80.98506), 
(28.612683, -80.984892), 
(28.612751, -80.984793), 
(28.612783, -80.98468), 
(28.612778, -80.984393), 
(28.612713, -80.984275), 
(28.61246, -80.983963), 
(28.61225, -80.983769), 
(28.612051, -80.983669), 
(28.611634, -80.983588), 
(28.611469, -80.983588), 
(28.611232, -80.983613), 
(28.610846, -80.983719), 
(28.610467, -80.98375), 
(28.610237, -80.983693), 
(28.610115, -80.983632), 
(28.609912, -80.983444), 
(28.609829, -80.983326), 
(28.609747, -80.983045), 
(28.609768, -80.982864), 
(28.609808, -80.982771), 
(28.609878, -80.982702), 
(28.60995, -80.982671), 
(28.610309, -80.982578), 
(28.610639, -80.982422), 
(28.610848, -80.982222), 
(28.610903, -80.982142), 
(28.610946, -80.981998), 
(28.610948, -80.981792), 
(28.610799, -80.981555), 
(28.610688, -80.981443), 
(28.610061, -80.980938), 
(28.609885, -80.980763), 
(28.609433, -80.980127), 
(28.609302, -80.979846), 
(28.609165, -80.979459), 
(28.609065, -80.979272), 
(28.608993, -80.979004), 
(28.608973, -80.978749), 
(28.609027, -80.9782), 
(28.609038, -80.977913), 
(28.608973, -80.977539), 
(28.608889, -80.977252), 
(28.608792, -80.977027), 
(28.608636, -80.976822), 
(28.608356, -80.976528), 
(28.608264, -80.976391), 
(28.608153, -80.976167), 
(28.608081, -80.975936), 
(28.608054, -80.975593), 
(28.608061, -80.975475), 
(28.608121, -80.97525), 
(28.608169, -80.9751), 
(28.608286, -80.974901), 
(28.608406, -80.974745), 
(28.608543, -80.974652), 
(28.608819, -80.974558), 
(28.609326, -80.974434), 
(28.609701, -80.974247), 
(28.610091, -80.973985), 
(28.61031, -80.973854), 
(28.61047, -80.973786), 
(28.610922, -80.973455), 
(28.61117, -80.973312), 
(28.61135, -80.973131), 
(28.611522, -80.972894), 
(28.611583, -80.972739), 
(28.611598, -80.972632), 
(28.611587, -80.972271), 
(28.611456, -80.97179), 
(28.611131, -80.971049), 
(28.611066, -80.970955), 
(28.610835, -80.970749), 
(28.610653, -80.970662), 
(28.610339, -80.970606), 
(28.610124, -80.970624), 
(28.60959, -80.970748), 
(28.609359, -80.97078), 
(28.609267, -80.970755), 
(28.608885, -80.97048), 
(28.608666, -80.970113), 
(28.608348, -80.969302), 
(28.608215, -80.969084), 
(28.60805, -80.968984), 
(28.607958, -80.968965), 
(28.607847, -80.968971), 
(28.607655, -80.969046), 
(28.607511, -80.969146), 
(28.607297, -80.969257), 
(28.607136, -80.96932), 
(28.60701, -80.969326), 
(28.606818, -80.969195), 
(28.606685, -80.968946), 
(28.606532, -80.968871), 
(28.606252, -80.96884), 
(28.605811, -80.968721), 
(28.605636, -80.968597), 
(28.605579, -80.968509), 
(28.605529, -80.968334), 
(28.605547, -80.967861), 
(28.605531, -80.967711), 
(28.605437, -80.967486), 
(28.605321, -80.96733), 
(28.60526, -80.967206), 
(28.605206, -80.966981), 
(28.605199, -80.966819), 
(28.605249, -80.966582), 
(28.605244, -80.966258), 
(28.605172, -80.966065), 
(28.604919, -80.965684), 
(28.604816, -80.965416), 
(28.604739, -80.964992), 
(28.604743, -80.964818), 
(28.604777, -80.964618), 
(28.605048, -80.964157), 
(28.605206, -80.963919), 
(28.605266, -80.963795), 
(28.605316, -80.96362), 
(28.605327, -80.963247), 
(28.605311, -80.963047), 
(28.605334, -80.962099), 
(28.605306, -80.961239), 
(28.605272, -80.961083), 
(28.605268, -80.960951), 
(28.605207, -80.960715), 
(28.605153, -80.960577), 
(28.605087, -80.960472), 
(28.604988, -80.960366), 
(28.604877, -80.960303), 
(28.604426, -80.960116), 
(28.603474, -80.959923), 
(28.603237, -80.959792), 
(28.602914, -80.959548), 
(28.602639, -80.959199), 
(28.602544, -80.959037), 
(28.602367, -80.958532), 
(28.60216, -80.958033), 
(28.602026, -80.957528), 
(28.601999, -80.957253), 
(28.602071, -80.956917), 
(28.602247, -80.956667), 
(28.602335, -80.956605), 
(28.602732, -80.956531), 
(28.602969, -80.956531), 
(28.603459, -80.956637), 
(28.603644, -80.956656), 
(28.603761, -80.956643), 
(28.603942, -80.956544), 
(28.604075, -80.956387), 
(28.604118, -80.956306), 
(28.604145, -80.956219), 
(28.60414, -80.955976), 
(28.604124, -80.955863), 
(28.604068, -80.955708), 
(28.603833, -80.955408), 
(28.603607, -80.955203), 
(28.603524, -80.955066), 
(28.603447, -80.954835), 
(28.603431, -80.95461), 
(28.603443, -80.954511), 
(28.603551, -80.954354), 
(28.603729, -80.954236), 
(28.604338, -80.953912), 
(28.604514, -80.953731), 
(28.604591, -80.953632), 
(28.604641, -80.953526), 
(28.60469, -80.95332), 
(28.604701, -80.953226), 
(28.60469, -80.953145), 
(28.604663, -80.953052), 
(28.604475, -80.952765), 
(28.604444, -80.952659), 
(28.604548, -80.952304), 
(28.604509, -80.95206), 
(28.604439, -80.95196), 
(28.60436, -80.951923), 
(28.604223, -80.951904), 
(28.603821, -80.952122), 
(28.603261, -80.952272), 
(28.603047, -80.952396), 
(28.602749, -80.95249), 
(28.602623, -80.952472), 
(28.602528, -80.952434), 
(28.602309, -80.952248), 
(28.602259, -80.952228), 
(28.602144, -80.952228), 
(28.601973, -80.952309), 
(28.601901, -80.952365), 
(28.60161, -80.952677), 
(28.60128, -80.952952), 
(28.601048, -80.953052), 
(28.600802, -80.953089), 
(28.600432, -80.953057), 
(28.6004, -80.953033), 
(28.60035, -80.952883), 
(28.600321, -80.952578), 
(28.600233, -80.952403), 
(28.599899, -80.952166), 
(28.599761, -80.95211), 
(28.599705, -80.95201), 
(28.599707, -80.95186), 
(28.599727, -80.951822), 
(28.599899, -80.951716), 
(28.600075, -80.951642), 
(28.600163, -80.951493), 
(28.600174, -80.951399), 
(28.60012, -80.951193), 
(28.599959, -80.950857), 
(28.599822, -80.950794), 
(28.599745, -80.950825), 
(28.599684, -80.950794), 
(28.599619, -80.950682), 
(28.599618, -80.950582), 
(28.599706, -80.950408), 
(28.600013, -80.950015), 
(28.60007, -80.94979), 
(28.60025, -80.949603), 
(28.600399, -80.949491), 
(28.600417, -80.949441), 
(28.600383, -80.949348), 
(28.60025, -80.949261), 
(28.599947, -80.949223), 
(28.599798, -80.949267), 
(28.599503, -80.949522), 
(28.599426, -80.949566), 
(28.599338, -80.949578), 
(28.599106, -80.949441), 
(28.599002, -80.949403), 
(28.598781, -80.949435), 
(28.598555, -80.949509), 
(28.598479, -80.949503), 
(28.598435, -80.949435), 
(28.59844, -80.94931), 
(28.598772, -80.948761), 
(28.598776, -80.948643), 
(28.598738, -80.948499), 
(28.598704, -80.948468), 
(28.598512, -80.948456), 
(28.598297, -80.948525), 
(28.598056, -80.948723), 
(28.597923, -80.948774), 
(28.597862, -80.948749), 
(28.59772, -80.948643), 
(28.597593, -80.948455), 
(28.597505, -80.948287), 
(28.597379, -80.947945), 
(28.597325, -80.947838), 
(28.597363, -80.94729), 
(28.597336, -80.946928), 
(28.597175, -80.946641), 
(28.597038, -80.946554), 
(28.5969, -80.946511), 
(28.596807, -80.946511), 
(28.596631, -80.946585), 
(28.596553, -80.946716), 
(28.59656, -80.947072), 
(28.596541, -80.947234), 
(28.596465, -80.947427), 
(28.596327, -80.947595), 
(28.596163, -80.947701), 
(28.596002, -80.947757), 
(28.595756, -80.947969), 
(28.595646, -80.947938), 
(28.59558, -80.947882), 
(28.595492, -80.94777), 
(28.595474, -80.947713), 
(28.595497, -80.947402), 
(28.595596, -80.946934), 
(28.595618, -80.946729), 
(28.595607, -80.946554), 
(28.595426, -80.946211), 
(28.595243, -80.945999), 
(28.594936, -80.945694), 
(28.59455, -80.945163), 
(28.594397, -80.944908), 
(28.59432, -80.944683), 
(28.594033, -80.94406), 
(28.593983, -80.943879), 
(28.593945, -80.943804), 
(28.593818, -80.943648), 
(28.593687, -80.943537), 
(28.593604, -80.943486), 
(28.593416, -80.94343), 
(28.593279, -80.943437), 
(28.592992, -80.943536), 
(28.59269, -80.943704), 
(28.592609, -80.943817), 
(28.592575, -80.943904), 
(28.592586, -80.944066), 
(28.592778, -80.94449), 
(28.592774, -80.944621), 
(28.592718, -80.944727), 
(28.592575, -80.944889), 
(28.592499, -80.944952), 
(28.592277, -80.945057), 
(28.592047, -80.94507), 
(28.591971, -80.945051), 
(28.591237, -80.944684), 
(28.591167, -80.944589), 
(28.591149, -80.944534), 
(28.591171, -80.944216), 
(28.591117, -80.944047), 
(28.590946, -80.943935), 
(28.590874, -80.94391), 
(28.590792, -80.943897), 
(28.590578, -80.943935), 
(28.59044, -80.944028), 
(28.590406, -80.944072), 
(28.590341, -80.944291), 
(28.590258, -80.944465), 
(28.590109, -80.94459), 
(28.58994, -80.944683), 
(28.589669, -80.944721), 
(28.589301, -80.944571), 
(28.589098, -80.944465), 
(28.589026, -80.944453), 
(28.588944, -80.944477), 
(28.58885, -80.944564), 
(28.588811, -80.944739), 
(28.588735, -80.944963), 
(28.588662, -80.945088), 
(28.588437, -80.945225), 
(28.588338, -80.945263), 
(28.587952, -80.945562), 
(28.587825, -80.945618), 
(28.587737, -80.945643), 
(28.587676, -80.945637), 
(28.587266, -80.945506), 
(28.58704, -80.945462), 
(28.586923, -80.945412), 
(28.586803, -80.9454), 
(28.586708, -80.945413), 
(28.586559, -80.945519), 
(28.586489, -80.945662), 
(28.586539, -80.945861), 
(28.586593, -80.945911), 
(28.586891, -80.946036), 
(28.587302, -80.946254), 
(28.587458, -80.946379), 
(28.587512, -80.946529), 
(28.587519, -80.946665), 
(28.587397, -80.946921), 
(28.587332, -80.947021), 
(28.587226, -80.947071), 
(28.587111, -80.947059), 
(28.586996, -80.946934), 
(28.586907, -80.946777), 
(28.586862, -80.946734), 
(28.586632, -80.946628), 
(28.585932, -80.946622), 
(28.585745, -80.946646), 
(28.585596, -80.94669), 
(28.585355, -80.946771), 
(28.585195, -80.946853), 
(28.585086, -80.946921), 
(28.584987, -80.947027), 
(28.584877, -80.947189), 
(28.584811, -80.947214), 
(28.584735, -80.947145), 
(28.584578, -80.946553), 
(28.584359, -80.946023), 
(28.584079, -80.945599), 
(28.584052, -80.945419), 
(28.583964, -80.945244), 
(28.58382, -80.945106), 
(28.583682, -80.945063), 
(28.583506, -80.945113), 
(28.583386, -80.945175), 
(28.58305, -80.94545), 
(28.582917, -80.945674), 
(28.582863, -80.945724), 
(28.582741, -80.945768), 
(28.58268, -80.945749), 
(28.582565, -80.945556), 
(28.582504, -80.945343), 
(28.582461, -80.944894), 
(28.582373, -80.94449), 
(28.582285, -80.944333), 
(28.582163, -80.944221), 
(28.582005, -80.94414), 
(28.581795, -80.944078), 
(28.581371, -80.944034), 
(28.581019, -80.944097), 
(28.580843, -80.944178), 
(28.580744, -80.944271), 
(28.580574, -80.944371), 
(28.580486, -80.94439), 
(28.580243, -80.944352), 
(28.580146, -80.944315), 
(28.580089, -80.944265), 
(28.579985, -80.944134), 
(28.579978, -80.943965), 
(28.580008, -80.943903), 
(28.580204, -80.943704), 
(28.580172, -80.943435), 
(28.580127, -80.94333), 
(28.579892, -80.942955), 
(28.579804, -80.942594), 
(28.579468, -80.942239), 
(28.579276, -80.942096), 
(28.579, -80.941852), 
(28.57866, -80.941697), 
(28.578572, -80.941697), 
(28.577998, -80.941597), 
(28.577894, -80.941528), 
(28.577861, -80.94146), 
(28.577872, -80.94141), 
(28.578048, -80.941223), 
(28.57812, -80.941117), 
(28.578131, -80.940973), 
(28.578104, -80.940705), 
(28.578009, -80.940587), 
(28.577883, -80.940487), 
(28.577492, -80.940356), 
(28.576723, -80.940207), 
(28.57647, -80.940176), 
(28.576177, -80.940194), 
(28.576028, -80.940182), 
(28.575886, -80.940094), 
(28.575736, -80.939932), 
(28.57571, -80.939833), 
(28.575544, -80.939533), 
(28.575456, -80.93944), 
(28.57538, -80.93939), 
(28.575208, -80.939346), 
(28.575132, -80.93934), 
(28.57505, -80.939372), 
(28.574834, -80.939471), 
(28.574768, -80.939521), 
(28.574692, -80.939633), 
(28.574588, -80.939982), 
(28.574597, -80.940219), 
(28.574577, -80.940288), 
(28.574466, -80.940356), 
(28.574306, -80.940369), 
(28.574202, -80.940362), 
(28.57401, -80.940263), 
(28.573751, -80.940001), 
(28.573613, -80.939939), 
(28.573464, -80.939776), 
(28.573218, -80.939602), 
(28.573096, -80.939552), 
(28.572805, -80.939539), 
(28.572618, -80.939502), 
(28.572568, -80.939471), 
(28.57248, -80.939353), 
(28.572408, -80.93919), 
(28.572238, -80.938274), 
(28.572132, -80.93805), 
(28.571908, -80.937826), 
(28.571748, -80.937781), 
(28.571599, -80.937819), 
(28.57145, -80.937963), 
(28.571412, -80.937975), 
(28.571319, -80.93795), 
(28.571209, -80.937851), 
(28.571121, -80.937682), 
(28.57106, -80.937501), 
(28.571066, -80.937146), 
(28.571303, -80.936572), 
(28.571291, -80.936379), 
(28.571235, -80.936168), 
(28.571192, -80.936056), 
(28.571039, -80.935781), 
(28.570795, -80.935656), 
(28.570492, -80.935557), 
(28.57024, -80.935363), 
(28.570086, -80.93522), 
(28.569833, -80.934802), 
(28.569788, -80.934703), 
(28.569673, -80.934553), 
(28.569603, -80.934504), 
(28.569267, -80.934459), 
(28.569045, -80.934497), 
(28.568865, -80.934503), 
(28.568788, -80.934478), 
(28.568682, -80.934403), 
(28.568479, -80.934142), 
(28.568406, -80.93408), 
(28.568161, -80.933942), 
(28.568023, -80.933949), 
(28.567885, -80.933992), 
(28.567632, -80.933986), 
(28.567549, -80.933949), 
(28.567468, -80.933886), 
(28.567418, -80.933799), 
(28.5674, -80.933256), 
(28.567318, -80.933095), 
(28.567257, -80.933026), 
(28.567176, -80.932976), 
(28.567109, -80.932957), 
(28.567039, -80.932964), 
(28.566745, -80.933094), 
(28.566637, -80.933163), 
(28.566531, -80.933195), 
(28.56645, -80.933206), 
(28.566267, -80.933169), 
(28.566212, -80.93312), 
(28.566167, -80.933013), 
(28.566185, -80.932852), 
(28.566411, -80.932309), 
(28.566354, -80.93211), 
(28.566305, -80.932054), 
(28.566235, -80.932023), 
(28.565601, -80.932134), 
(28.565194, -80.93216), 
(28.56505, -80.932135), 
(28.564804, -80.932054), 
(28.564567, -80.931941), 
(28.564533, -80.931885), 
(28.564528, -80.93148), 
(28.564513, -80.931368), 
(28.564406, -80.931256), 
(28.564034, -80.931044), 
(28.563977, -80.931), 
(28.56395, -80.93095), 
(28.563939, -80.930695), 
(28.563966, -80.93062), 
(28.563973, -80.930521), 
(28.56395, -80.93029), 
(28.563835, -80.930178), 
(28.563467, -80.930072), 
(28.563097, -80.930003), 
(28.562916, -80.930028), 
(28.562783, -80.930128), 
(28.562691, -80.930215), 
(28.562603, -80.93034), 
(28.56247, -80.930589), 
(28.562393, -80.930795), 
(28.562271, -80.931319), 
(28.562112, -80.931643), 
(28.562046, -80.931755), 
(28.56187, -80.931979), 
(28.561683, -80.932122), 
(28.561415, -80.932098), 
(28.560902, -80.931854), 
(28.560358, -80.931667), 
(28.560225, -80.931662), 
(28.559983, -80.931605), 
(28.559823, -80.931649), 
(28.559785, -80.93168), 
(28.559632, -80.931998), 
(28.559465, -80.932578), 
(28.559461, -80.932702), 
(28.559377, -80.933145), 
(28.559362, -80.933481), 
(28.559285, -80.933961), 
(28.559191, -80.934167), 
(28.559141, -80.934205), 
(28.558981, -80.934248), 
(28.558922, -80.934254), 
(28.558854, -80.934223), 
(28.558777, -80.934148), 
(28.558669, -80.933943), 
(28.558531, -80.933531), 
(28.558366, -80.933157), 
(28.55824, -80.933051), 
(28.557788, -80.932833), 
(28.557574, -80.932709), 
(28.557418, -80.932546), 
(28.557271, -80.932335), 
(28.557231, -80.932241), 
(28.557215, -80.932142), 
(28.557237, -80.93203), 
(28.557226, -80.931923), 
(28.557176, -80.93183), 
(28.557127, -80.931774), 
(28.556939, -80.931712), 
(28.556549, -80.93168), 
(28.55628, -80.93168), 
(28.555987, -80.931724), 
(28.555802, -80.931811), 
(28.555752, -80.931867), 
(28.555653, -80.932241), 
(28.555658, -80.932578), 
(28.555586, -80.93289), 
(28.555509, -80.933127), 
(28.555333, -80.933469), 
(28.554993, -80.933855), 
(28.554584, -80.934092), 
(28.554255, -80.934167), 
(28.554151, -80.93418), 
(28.553942, -80.934167), 
(28.553682, -80.934105), 
(28.553269, -80.93385), 
(28.553073, -80.933675), 
(28.55284, -80.933544), 
(28.552698, -80.9335), 
(28.552472, -80.933488), 
(28.552104, -80.933675), 
(28.552021, -80.933668), 
(28.551949, -80.933638), 
(28.551894, -80.93355), 
(28.551928, -80.933232), 
(28.551921, -80.932995), 
(28.551894, -80.932853), 
(28.551756, -80.932746), 
(28.551619, -80.932696), 
(28.551499, -80.932734), 
(28.551362, -80.932815), 
(28.550782, -80.93317), 
(28.550579, -80.93327), 
(28.550391, -80.933307), 
(28.5502, -80.933307), 
(28.54989, -80.933263), 
(28.549656, -80.933189), 
(28.549412, -80.933183), 
(28.548857, -80.933282), 
(28.548676, -80.933401), 
(28.548428, -80.933619), 
(28.548307, -80.933762), 
(28.548185, -80.933856), 
(28.548042, -80.933912), 
(28.547706, -80.934055), 
(28.547156, -80.934173), 
(28.547018, -80.93423), 
(28.546517, -80.934286), 
(28.546133, -80.934286), 
(28.545782, -80.934311), 
(28.545265, -80.934273), 
(28.545016, -80.934205), 
(28.54484, -80.934099), 
(28.544603, -80.933862), 
(28.544378, -80.9335), 
(28.544208, -80.93317), 
(28.544147, -80.933102), 
(28.543761, -80.932809), 
(28.543612, -80.932666), 
(28.543393, -80.932404), 
(28.543298, -80.932329), 
(28.54324, -80.932316), 
(28.542908, -80.932148), 
(28.542425, -80.932092), 
(28.542238, -80.932124), 
(28.54189, -80.932292), 
(28.541687, -80.932417), 
(28.541473, -80.932566), 
(28.541141, -80.932946), 
(28.540808, -80.933526), 
(28.540598, -80.934018), 
(28.540476, -80.934641), 
(28.540526, -80.934797), 
(28.540598, -80.934915), 
(28.540675, -80.93499), 
(28.541226, -80.935314), 
(28.54144, -80.93547), 
(28.541549, -80.935576), 
(28.541659, -80.935731), 
(28.541748, -80.936043), 
(28.54177, -80.93618), 
(28.541759, -80.937364), 
(28.541791, -80.937688), 
(28.541825, -80.937838), 
(28.541875, -80.938804), 
(28.541857, -80.938928), 
(28.541758, -80.939228), 
(28.541704, -80.939327), 
(28.541604, -80.939439), 
(28.541467, -80.939527), 
(28.541004, -80.93962), 
(28.540894, -80.939607), 
(28.540736, -80.93962), 
(28.54051, -80.939589), 
(28.539998, -80.939377), 
(28.539903, -80.939321), 
(28.53986, -80.939265), 
(28.539734, -80.939221), 
(28.539592, -80.93914), 
(28.539328, -80.939078), 
(28.539149, -80.939059), 
(28.538368, -80.939097), 
(28.537928, -80.939153), 
(28.537637, -80.939165), 
(28.537064, -80.939271), 
(28.536498, -80.939327), 
(28.536222, -80.93939), 
(28.535871, -80.939545), 
(28.535749, -80.939577), 
(28.535365, -80.939458), 
(28.53522, -80.939396), 
(28.53509, -80.939327), 
(28.534918, -80.939178), 
(28.534776, -80.938941), 
(28.534688, -80.93861), 
(28.534676, -80.938417), 
(28.534699, -80.938268), 
(28.534753, -80.938118), 
(28.534951, -80.937782), 
(28.535023, -80.937707), 
(28.535215, -80.937601), 
(28.535529, -80.937557), 
(28.536118, -80.937402), 
(28.536251, -80.937333), 
(28.536576, -80.937065), 
(28.536734, -80.93689), 
(28.536806, -80.936772), 
(28.536851, -80.936635), 
(28.536878, -80.936529), 
(28.536882, -80.936373), 
(28.536817, -80.936143), 
(28.53669, -80.935944), 
(28.536503, -80.935719), 
(28.536295, -80.935582), 
(28.535806, -80.935433), 
(28.535634, -80.935457), 
(28.534837, -80.935433), 
(28.534551, -80.935382), 
(28.534248, -80.935276), 
(28.534072, -80.93514), 
(28.533801, -80.934828), 
(28.533614, -80.934592), 
(28.533483, -80.934311), 
(28.533429, -80.934062), 
(28.533422, -80.933825), 
(28.53344, -80.933638), 
(28.533478, -80.933457), 
(28.533577, -80.933258), 
(28.533746, -80.933077), 
(28.533852, -80.933009), 
(28.534863, -80.932616), 
(28.535271, -80.932404), 
(28.535409, -80.932261), 
(28.535436, -80.932186), 
(28.535452, -80.932024), 
(28.535386, -80.931818), 
(28.535325, -80.931713), 
(28.535244, -80.931619), 
(28.535106, -80.931389), 
(28.534896, -80.931121), 
(28.534765, -80.930953), 
(28.534083, -80.930205), 
(28.533819, -80.929856), 
(28.533548, -80.929582), 
(28.533158, -80.929089), 
(28.532943, -80.928703), 
(28.532866, -80.928479), 
(28.5328, -80.928105), 
(28.532669, -80.926821), 
(28.532727, -80.926155), 
(28.532821, -80.925625), 
(28.532886, -80.925002), 
(28.532897, -80.924566), 
(28.532888, -80.924111), 
(28.532839, -80.923793), 
(28.532685, -80.923469), 
(28.532459, -80.923258), 
(28.532116, -80.923126), 
(28.531511, -80.922983), 
(28.531297, -80.922871), 
(28.531177, -80.922834), 
(28.53094, -80.922684), 
(28.530504, -80.922503), 
(28.529712, -80.9219), 
(28.529425, -80.921632), 
(28.529134, -80.921395), 
(28.529007, -80.92132), 
(28.528231, -80.920741), 
(28.527721, -80.920442), 
(28.527477, -80.920367), 
(28.527319, -80.920367), 
(28.527224, -80.920398), 
(28.527098, -80.920492), 
(28.526723, -80.920859), 
(28.52657, -80.920959), 
(28.526345, -80.921034), 
(28.526146, -80.921047), 
(28.525981, -80.921028), 
(28.52564, -80.920891), 
(28.525101, -80.920536), 
(28.52497, -80.920436), 
(28.524618, -80.920112), 
(28.524236, -80.919713), 
(28.52368, -80.918792), 
(28.52356, -80.918499), 
(28.523466, -80.918343), 
(28.523093, -80.917533), 
(28.522928, -80.916867), 
(28.522894, -80.916542), 
(28.522932, -80.916206), 
(28.523015, -80.915913), 
(28.52313, -80.915658), 
(28.523274, -80.915408), 
(28.52352, -80.914599), 
(28.523542, -80.914437), 
(28.523664, -80.914088), 
(28.523774, -80.913589), 
(28.523812, -80.913203), 
(28.523972, -80.91301), 
(28.524306, -80.912716), 
(28.524741, -80.91248), 
(28.524764, -80.912442), 
(28.524753, -80.912199), 
(28.524653, -80.911788), 
(28.524533, -80.911483), 
(28.52433, -80.911147), 
(28.52412, -80.910916), 
(28.52384, -80.910692), 
(28.523603, -80.910586), 
(28.523409, -80.910543), 
(28.523282, -80.910549), 
(28.523118, -80.910642), 
(28.523064, -80.910717), 
(28.523019, -80.910811), 
(28.522976, -80.910985), 
(28.523026, -80.911259), 
(28.523234, -80.91182), 
(28.523283, -80.9121), 
(28.52325, -80.912318), 
(28.523218, -80.912361), 
(28.523108, -80.912461), 
(28.523004, -80.912487), 
(28.522656, -80.912468), 
(28.522388, -80.912343), 
(28.521975, -80.912082), 
(28.521738, -80.911888), 
(28.521546, -80.911652), 
(28.521412, -80.911341), 
(28.521369, -80.911079), 
(28.521369, -80.910936), 
(28.521423, -80.910686), 
(28.521479, -80.910568), 
(28.521804, -80.910107), 
(28.521836, -80.910007), 
(28.521842, -80.90992), 
(28.521824, -80.909708), 
(28.521774, -80.909552), 
(28.521693, -80.90939), 
(28.52139, -80.908991), 
(28.521169, -80.90878), 
(28.521027, -80.908537), 
(28.520873, -80.908169), 
(28.520758, -80.907802), 
(28.520514, -80.907372), 
(28.520256, -80.907111), 
(28.520019, -80.906918), 
(28.519859, -80.906886), 
(28.519717, -80.906892), 
(28.519613, -80.906918), 
(28.519502, -80.906998), 
(28.51893, -80.907472), 
(28.518408, -80.907771), 
(28.518165, -80.907871), 
(28.51805, -80.907884), 
(28.517962, -80.907865), 
(28.517808, -80.907634), 
(28.517781, -80.90718), 
(28.517841, -80.906781), 
(28.517807, -80.906389), 
(28.517769, -80.906232), 
(28.51762, -80.90589), 
(28.517527, -80.905766), 
(28.517333, -80.90561), 
(28.517119, -80.905517), 
(28.516701, -80.905435), 
(28.516349, -80.905461), 
(28.515898, -80.905573), 
(28.515825, -80.905641), 
(28.515618, -80.90576), 
(28.515386, -80.905984), 
(28.515176, -80.906228), 
(28.514885, -80.906651), 
(28.514725, -80.906844), 
(28.514511, -80.907018), 
(28.514181, -80.907094), 
(28.514032, -80.907081), 
(28.513768, -80.907006), 
(28.513511, -80.906832), 
(28.513305, -80.906627), 
(28.513229, -80.906515), 
(28.513109, -80.906272), 
(28.513014, -80.905978), 
(28.512964, -80.905886), 
(28.512799, -80.905698), 
(28.51268, -80.905674), 
(28.512608, -80.905711), 
(28.512524, -80.905792), 
(28.512249, -80.906197), 
(28.512139, -80.906328), 
(28.512062, -80.906402), 
(28.511859, -80.906471), 
(28.511617, -80.906459), 
(28.511518, -80.906415), 
(28.511297, -80.906191), 
(28.511247, -80.90611), 
(28.51117, -80.905911), 
(28.511122, -80.905419), 
(28.511073, -80.9052), 
(28.510752, -80.904621), 
(28.510487, -80.904341), 
(28.510449, -80.90426), 
(28.510449, -80.90421), 
(28.510548, -80.904055), 
(28.510869, -80.903836), 
(28.510923, -80.903762), 
(28.510995, -80.903612), 
(28.511033, -80.903406), 
(28.510879, -80.902646), 
(28.510592, -80.902011), 
(28.510542, -80.901775), 
(28.510537, -80.901625), 
(28.510565, -80.901426), 
(28.510702, -80.901064), 
(28.510866, -80.900852), 
(28.511153, -80.90061), 
(28.511374, -80.900385), 
(28.511455, -80.900236), 
(28.511484, -80.900142), 
(28.511493, -80.900011), 
(28.511461, -80.89993), 
(28.511396, -80.899855), 
(28.511213, -80.899693), 
(28.511098, -80.899619), 
(28.510789, -80.899469), 
(28.510581, -80.899401), 
(28.509947, -80.899127), 
(28.509859, -80.899065), 
(28.509827, -80.899015), 
(28.509693, -80.898523), 
(28.509678, -80.898361), 
(28.509689, -80.89823), 
(28.509842, -80.897644), 
(28.509848, -80.897414), 
(28.509496, -80.896642), 
(28.509453, -80.896312), 
(28.509506, -80.895994), 
(28.509628, -80.895608), 
(28.509693, -80.895452), 
(28.509842, -80.89519), 
(28.510022, -80.894953), 
(28.51064, -80.894449), 
(28.511558, -80.893807), 
(28.511691, -80.893644), 
(28.511838, -80.893401), 
(28.511933, -80.893177), 
(28.512005, -80.892934), 
(28.512097, -80.892461), 
(28.512092, -80.891781), 
(28.512026, -80.891159), 
(28.511937, -80.890673), 
(28.511749, -80.889832), 
(28.511589, -80.889508), 
(28.511094, -80.888318), 
(28.510851, -80.88749), 
(28.510741, -80.88721), 
(28.510494, -80.886468), 
(28.510175, -80.885821), 
(28.509961, -80.885546), 
(28.509778, -80.885353), 
(28.509618, -80.885241), 
(28.509051, -80.884924), 
(28.508319, -80.884737), 
(28.507726, -80.884651), 
(28.507141, -80.884689), 
(28.507042, -80.88467), 
(28.506911, -80.884576), 
(28.506877, -80.884514), 
(28.506884, -80.884196), 
(28.506861, -80.884109), 
(28.506773, -80.883922), 
(28.506712, -80.883885), 
(28.506581, -80.883879), 
(28.506112, -80.884028), 
(28.505859, -80.884041), 
(28.505701, -80.884016), 
(28.505568, -80.88396), 
(28.505315, -80.883748), 
(28.504996, -80.883363), 
(28.504802, -80.883257), 
(28.504489, -80.883139), 
(28.50434, -80.883108), 
(28.504186, -80.883008), 
(28.503994, -80.882796), 
(28.503856, -80.882479), 
(28.503822, -80.882292), 
(28.503839, -80.881407), 
(28.503805, -80.881201), 
(28.503805, -80.881077), 
(28.503778, -80.880983), 
(28.503712, -80.880871), 
(28.503651, -80.880822), 
(28.503529, -80.880803), 
(28.503074, -80.880947), 
(28.502611, -80.880891), 
(28.502435, -80.880829), 
(28.501963, -80.880574), 
(28.501543, -80.880387), 
(28.501071, -80.880219), 
(28.500279, -80.879983), 
(28.500205, -80.879977), 
(28.500083, -80.879945), 
(28.5, -80.879937), 
(28.499555, -80.879895), 
(28.499169, -80.879915), 
(28.498932, -80.879902), 
(28.49853, -80.879977), 
(28.498212, -80.87994), 
(28.49809, -80.879946), 
(28.49798, -80.879915), 
(28.497903, -80.879921), 
(28.497772, -80.879947), 
(28.497508, -80.880065), 
(28.49721, -80.880252), 
(28.497079, -80.880364), 
(28.496942, -80.880514), 
(28.49671, -80.880838), 
(28.496687, -80.880925), 
(28.496557, -80.881199), 
(28.4965, -80.881461), 
(28.496391, -80.882209), 
(28.4962, -80.882981), 
(28.495903, -80.883828), 
(28.495727, -80.88404), 
(28.495605, -80.88409), 
(28.495264, -80.88409), 
(28.494912, -80.883972), 
(28.49479, -80.883947), 
(28.494625, -80.88386), 
(28.494494, -80.883835), 
(28.494242, -80.883748), 
(28.49337, -80.88335), 
(28.493228, -80.883306), 
(28.491873, -80.882709), 
(28.491598, -80.882609), 
(28.49128, -80.882398), 
(28.491126, -80.882236), 
(28.49106, -80.882061), 
(28.491026, -80.881862), 
(28.491049, -80.881351), 
(28.491114, -80.880841), 
(28.491082, -80.880554), 
(28.491009, -80.880243), 
(28.490955, -80.880131), 
(28.490745, -80.879944), 
(28.490679, -80.879919), 
(28.490328, -80.879907), 
(28.490228, -80.879882), 
(28.490007, -80.879683), 
(28.489953, -80.879534), 
(28.489909, -80.879023), 
(28.489909, -80.878836), 
(28.489814, -80.878113), 
(28.489831, -80.877877), 
(28.489824, -80.87759), 
(28.489847, -80.877441), 
(28.489846, -80.876967), 
(28.489891, -80.876618), 
(28.489879, -80.876345), 
(28.489814, -80.875996), 
(28.489703, -80.875759), 
(28.489604, -80.875634), 
(28.489439, -80.875486), 
(28.489263, -80.875392), 
(28.489109, -80.875392), 
(28.489021, -80.875367), 
(28.48868, -80.875405), 
(28.488471, -80.875517), 
(28.488327, -80.875654), 
(28.48825, -80.875785), 
(28.488174, -80.876146), 
(28.488163, -80.8767), 
(28.48814, -80.876794), 
(28.488041, -80.877062), 
(28.487773, -80.877504), 
(28.487529, -80.877647), 
(28.487322, -80.877723), 
(28.486794, -80.877959), 
(28.486695, -80.877972), 
(28.486539, -80.877959), 
(28.486385, -80.877872), 
(28.486331, -80.877798), 
(28.486282, -80.877661), 
(28.486277, -80.877374), 
(28.486384, -80.876739), 
(28.486384, -80.876614), 
(28.486364, -80.876477), 
(28.486258, -80.876216), 
(28.486138, -80.876085), 
(28.485686, -80.875681), 
(28.485487, -80.875544), 
(28.485235, -80.875406), 
(28.484817, -80.875345), 
(28.484492, -80.875376), 
(28.483831, -80.875321), 
(28.483666, -80.875283), 
(28.483436, -80.875171), 
(28.48315, -80.875), 
(28.483061, -80.874947), 
(28.48295, -80.874778), 
(28.482923, -80.874616), 
(28.482858, -80.874486), 
(28.482808, -80.874398), 
(28.482758, -80.874299), 
(28.482708, -80.874199), 
(28.482661, -80.874112), 
(28.482604, -80.87403), 
(28.482561, -80.873962), 
(28.482516, -80.873906), 
(28.482473, -80.87385), 
(28.482417, -80.8738), 
(28.482347, -80.873731), 
(28.482302, -80.873676), 
(28.482202, -80.873582), 
(28.482049, -80.873464), 
(28.481972, -80.87342), 
(28.481891, -80.873376), 
(28.481812, -80.873339), 
(28.481724, -80.87332), 
(28.481647, -80.873295), 
(28.48157, -80.873289), 
(28.481505, -80.873283), 
(28.481417, -80.873301), 
(28.481283, -80.873332), 
(28.481146, -80.873388), 
(28.481026, -80.873432), 
(28.480889, -80.873507), 
(28.480767, -80.873569), 
(28.480645, -80.873637), 
(28.48053, -80.873706), 
(28.480442, -80.873749), 
(28.480327, -80.873811), 
(28.480255, -80.873836), 
(28.480156, -80.873861), 
(28.480075, -80.873874), 
(28.480002, -80.873874), 
(28.479908, -80.873848), 
(28.479837, -80.873805), 
(28.479772, -80.873768), 
(28.479711, -80.873718), 
(28.479616, -80.873662), 
(28.479519, -80.873599), 
(28.479435, -80.873543), 
(28.479363, -80.873493), 
(28.479298, -80.873449), 
(28.479133, -80.873331), 
(28.478991, -80.873232), 
(28.478914, -80.873169), 
(28.478826, -80.873125), 
(28.478742, -80.873094), 
(28.478688, -80.873075), 
(28.478659, -80.873063), 
(28.478582, -80.873026), 
(28.478532, -80.873026), 
(28.478483, -80.873038), 
(28.478433, -80.873063), 
(28.47839, -80.873101), 
(28.478352, -80.873144), 
(28.478329, -80.873175), 
(28.478302, -80.873243), 
(28.478291, -80.873393), 
(28.478292, -80.873517), 
(28.478291, -80.873611), 
(28.478291, -80.873679), 
(28.478285, -80.873748), 
(28.47828, -80.873804), 
(28.478258, -80.873847), 
(28.478235, -80.873904), 
(28.478193, -80.873953), 
(28.478159, -80.873984), 
(28.478082, -80.87404), 
(28.477994, -80.874078), 
(28.477872, -80.874103), 
(28.477762, -80.874133), 
(28.477663, -80.874152), 
(28.477574, -80.874159), 
(28.477525, -80.874171), 
(28.477455, -80.874177), 
(28.477405, -80.874177), 
(28.477344, -80.874183), 
(28.477299, -80.874177), 
(28.477218, -80.874171), 
(28.477152, -80.874171), 
(28.477091, -80.874164), 
(28.477004, -80.874177), 
(28.476942, -80.874177), 
(28.476897, -80.874183), 
(28.476859, -80.874183), 
(28.476771, -80.87419), 
(28.476694, -80.874201), 
(28.47664, -80.874208), 
(28.476584, -80.874202), 
(28.476525, -80.874195), 
(28.476376, -80.874145), 
(28.476222, -80.874077), 
(28.476155, -80.874045), 
(28.476078, -80.873983), 
(28.475985, -80.873896), 
(28.475897, -80.873809), 
(28.475832, -80.873747), 
(28.475764, -80.873678), 
(28.475705, -80.873622), 
(28.475649, -80.87356), 
(28.475611, -80.87351), 
(28.475556, -80.873454), 
(28.475502, -80.873398), 
(28.475452, -80.873329), 
(28.475419, -80.873292), 
(28.475364, -80.87326), 
(28.475297, -80.87323), 
(28.475204, -80.873217), 
(28.475023, -80.873161), 
(28.474897, -80.873148), 
(28.474809, -80.873123), 
(28.47473, -80.873104), 
(28.474642, -80.873098), 
(28.474549, -80.873098), 
(28.474488, -80.873086), 
(28.474439, -80.87308), 
(28.474378, -80.873048), 
(28.474313, -80.872986), 
(28.474224, -80.872905), 
(28.474159, -80.87283), 
(28.473967, -80.872637), 
(28.473895, -80.872575), 
(28.47384, -80.872512), 
(28.473768, -80.872437), 
(28.473664, -80.872344), 
(28.473553, -80.872245), 
(28.473522, -80.872201), 
(28.473461, -80.872145), 
(28.473377, -80.872082), 
(28.473289, -80.872033), 
(28.473179, -80.87197), 
(28.473075, -80.871901), 
(28.472975, -80.871821), 
(28.472856, -80.871733), 
(28.472741, -80.871628), 
(28.472614, -80.87154), 
(28.472553, -80.871478), 
(28.472431, -80.87136), 
(28.47225, -80.87121), 
(28.472167, -80.871135), 
(28.472113, -80.871085), 
(28.472025, -80.871029), 
(28.471952, -80.870986), 
(28.471887, -80.870936), 
(28.471799, -80.870886), 
(28.471749, -80.870861), 
(28.471684, -80.870836), 
(28.471634, -80.870817), 
(28.471584, -80.870792), 
(28.471512, -80.870767), 
(28.471458, -80.870755), 
(28.471408, -80.870749), 
(28.47137, -80.870749), 
(28.471309, -80.870768), 
(28.471232, -80.870786), 
(28.471183, -80.870804), 
(28.471149, -80.870842), 
(28.471056, -80.870898), 
(28.471007, -80.870935), 
(28.470957, -80.870973), 
(28.470912, -80.871035), 
(28.470862, -80.871097), 
(28.47082, -80.871166), 
(28.470793, -80.871246), 
(28.47077, -80.871321), 
(28.47077, -80.87139), 
(28.470791, -80.871495), 
(28.470825, -80.871651), 
(28.470886, -80.871826), 
(28.470935, -80.871957), 
(28.470978, -80.872069), 
(28.471017, -80.872156), 
(28.471051, -80.87223), 
(28.471094, -80.872337), 
(28.471128, -80.872418), 
(28.471144, -80.872493), 
(28.471148, -80.872567), 
(28.471144, -80.872617), 
(28.471132, -80.872685), 
(28.471117, -80.872754), 
(28.471083, -80.872822), 
(28.471045, -80.872897), 
(28.470961, -80.872965), 
(28.47084, -80.873127), 
(28.470785, -80.873164), 
(28.470686, -80.873233), 
(28.470587, -80.873295), 
(28.470472, -80.87337), 
(28.470361, -80.87347), 
(28.470224, -80.873569), 
(28.470113, -80.873674), 
(28.470041, -80.873744), 
(28.469976, -80.873836), 
(28.469915, -80.87393), 
(28.469865, -80.874036), 
(28.469789, -80.87421), 
(28.469739, -80.874341), 
(28.46969, -80.874465), 
(28.469652, -80.874546), 
(28.469579, -80.874739), 
(28.469557, -80.874774), 
(28.469534, -80.874774), 
(28.469481, -80.874973), 
(28.469468, -80.875), 
(28.469248, -80.875485), 
(28.469183, -80.875746), 
(28.469141, -80.876033), 
(28.4692, -80.876219), 
(28.469279, -80.876307), 
(28.469344, -80.876344), 
(28.469455, -80.876332), 
(28.469547, -80.876294), 
(28.469689, -80.876182), 
(28.470009, -80.875771), 
(28.470219, -80.875596), 
(28.470472, -80.875596), 
(28.47056, -80.875621), 
(28.47067, -80.87572), 
(28.470747, -80.87582), 
(28.470801, -80.875932), 
(28.470836, -80.876069), 
(28.470802, -80.876293), 
(28.470504, -80.876679), 
(28.470335, -80.877016), 
(28.470279, -80.87724), 
(28.470257, -80.87739), 
(28.470268, -80.877514), 
(28.470192, -80.877875), 
(28.470081, -80.878137), 
(28.469872, -80.878523), 
(28.469784, -80.87871), 
(28.469741, -80.878859), 
(28.469665, -80.878996), 
(28.469311, -80.879495), 
(28.469245, -80.879545), 
(28.468839, -80.879657), 
(28.468575, -80.879682), 
(28.468465, -80.879807), 
(28.4684, -80.879931), 
(28.468343, -80.880056), 
(28.468278, -80.880305), 
(28.468278, -80.880529), 
(28.468382, -80.881015), 
(28.468459, -80.881115), 
(28.468547, -80.881164), 
(28.468624, -80.881276), 
(28.468692, -80.881326), 
(28.469231, -80.881475), 
(28.469484, -80.881637), 
(28.469572, -80.881674), 
(28.469703, -80.881674), 
(28.469814, -80.881699), 
(28.469902, -80.881749), 
(28.469956, -80.881811), 
(28.470013, -80.881911), 
(28.470044, -80.882023), 
(28.470033, -80.882122), 
(28.469956, -80.882272), 
(28.469758, -80.882471), 
(28.469571, -80.882832), 
(28.469495, -80.883069), 
(28.469483, -80.883144), 
(28.469529, -80.883455), 
(28.469529, -80.883879), 
(28.469495, -80.88409), 
(28.469286, -80.884477), 
(28.469198, -80.884564), 
(28.46888, -80.885), 
(28.468758, -80.885199), 
(28.468747, -80.885286), 
(28.468835, -80.885536), 
(28.469023, -80.885859), 
(28.469513, -80.886395), 
(28.469613, -80.886594), 
(28.469633, -80.886706), 
(28.469633, -80.88683), 
(28.469491, -80.886955), 
(28.469414, -80.886992), 
(28.469261, -80.887042), 
(28.468929, -80.887105), 
(28.468584, -80.887267), 
(28.468489, -80.887354), 
(28.468302, -80.887553), 
(28.467885, -80.888064), 
(28.467554, -80.888538), 
(28.467346, -80.888775), 
(28.467236, -80.888936), 
(28.466983, -80.889185), 
(28.466785, -80.889435), 
(28.466576, -80.889846), 
(28.46651, -80.890157), 
(28.466499, -80.890269), 
(28.46651, -80.890344), 
(28.466642, -80.890668), 
(28.466741, -80.890804), 
(28.46694, -80.890954), 
(28.467028, -80.890991), 
(28.467269, -80.891029), 
(28.467567, -80.890991), 
(28.467709, -80.890904), 
(28.467831, -80.89078), 
(28.467919, -80.890717), 
(28.468149, -80.89063), 
(28.468271, -80.890667), 
(28.468336, -80.890729), 
(28.468381, -80.890791), 
(28.468393, -80.890891), 
(28.468337, -80.89114), 
(28.467913, -80.892249), 
(28.467848, -80.892535), 
(28.467738, -80.892859), 
(28.467486, -80.893419), 
(28.467265, -80.893843), 
(28.467143, -80.894155), 
(28.467044, -80.894342), 
(28.466967, -80.894428), 
(28.466726, -80.894628), 
(28.466611, -80.894678), 
(28.466446, -80.894716), 
(28.466191, -80.894752), 
(28.466038, -80.894753), 
(28.465708, -80.894703), 
(28.465268, -80.894579), 
(28.465135, -80.894529), 
(28.46497, -80.89443), 
(28.464717, -80.894205), 
(28.464694, -80.894106), 
(28.46474, -80.893832), 
(28.464827, -80.89352), 
(28.464877, -80.893159), 
(28.464811, -80.892948), 
(28.464766, -80.892873), 
(28.464667, -80.892811), 
(28.46459, -80.892798), 
(28.464371, -80.892855), 
(28.464134, -80.892985), 
(28.464046, -80.893085), 
(28.463924, -80.893135), 
(28.463627, -80.893347), 
(28.463408, -80.893583), 
(28.463252, -80.893845), 
(28.463156, -80.894081), 
(28.463133, -80.894306), 
(28.463144, -80.89453), 
(28.463253, -80.894879), 
(28.463319, -80.89524), 
(28.463319, -80.895563), 
(28.463211, -80.895794), 
(28.463035, -80.895875), 
(28.462936, -80.895875), 
(28.462825, -80.895838), 
(28.462681, -80.895725), 
(28.462516, -80.895483), 
(28.462285, -80.895053), 
(28.462109, -80.894892), 
(28.462021, -80.894854), 
(28.461703, -80.894792), 
(28.461351, -80.894792), 
(28.461141, -80.894842), 
(28.460999, -80.894829), 
(28.46069, -80.894892), 
(28.460448, -80.89488), 
(28.460371, -80.894855), 
(28.460304, -80.894817), 
(28.460096, -80.894556), 
(28.459951, -80.89427), 
(28.459919, -80.894145), 
(28.459852, -80.89402), 
(28.459786, -80.893796), 
(28.45961, -80.893635), 
(28.459468, -80.893598), 
(28.458883, -80.893673), 
(28.458642, -80.893803), 
(28.458214, -80.894264), 
(28.457961, -80.894738), 
(28.457851, -80.895024), 
(28.45784, -80.895173), 
(28.457851, -80.895248), 
(28.457806, -80.895528), 
(28.45773, -80.895796), 
(28.45752, -80.89617), 
(28.457191, -80.896531), 
(28.457058, -80.896705), 
(28.456947, -80.896917), 
(28.456947, -80.897016), 
(28.456981, -80.89711), 
(28.4572, -80.897515), 
(28.457234, -80.897615), 
(28.457246, -80.897726), 
(28.457201, -80.897901), 
(28.457036, -80.897988), 
(28.456607, -80.898013), 
(28.456102, -80.898076), 
(28.455946, -80.898063), 
(28.455793, -80.898075), 
(28.455567, -80.898138), 
(28.455425, -80.898151), 
(28.455181, -80.898126), 
(28.455017, -80.898076), 
(28.454852, -80.897939), 
(28.454786, -80.897814), 
(28.454721, -80.897603), 
(28.454571, -80.897304), 
(28.454506, -80.897192), 
(28.454361, -80.897105), 
(28.454185, -80.89708), 
(28.453939, -80.897117), 
(28.453795, -80.897124), 
(28.453355, -80.897323), 
(28.453256, -80.897348), 
(28.453102, -80.897348), 
(28.453003, -80.897323), 
(28.452904, -80.897286), 
(28.452727, -80.897155), 
(28.452486, -80.896869), 
(28.452298, -80.896608), 
(28.452233, -80.896558), 
(28.452088, -80.896458), 
(28.451792, -80.896297), 
(28.451384, -80.89611), 
(28.451296, -80.896097), 
(28.4511, -80.89596), 
(28.451012, -80.895848), 
(28.450955, -80.895687), 
(28.450944, -80.895537), 
(28.451027, -80.895113), 
(28.451049, -80.894778), 
(28.450995, -80.894516), 
(28.450895, -80.894205), 
(28.450807, -80.894006), 
(28.450586, -80.893583), 
(28.450454, -80.89342), 
(28.450355, -80.893259), 
(28.45019, -80.893072), 
(28.449784, -80.892537), 
(28.449501, -80.89225), 
(28.449018, -80.89184), 
(28.448765, -80.891678), 
(28.448489, -80.891454), 
(28.448169, -80.891273), 
(28.447169, -80.890813), 
(28.447025, -80.890739), 
(28.446936, -80.890664), 
(28.446496, -80.89044), 
(28.446189, -80.890316), 
(28.445957, -80.890291), 
(28.445803, -80.890241), 
(28.445451, -80.890266), 
(28.445187, -80.890391), 
(28.445011, -80.890553), 
(28.444779, -80.890852), 
(28.444561, -80.891213), 
(28.444455, -80.891487), 
(28.444401, -80.891997), 
(28.444424, -80.892172), 
(28.444413, -80.892458), 
(28.444341, -80.892881), 
(28.444253, -80.893106), 
(28.444077, -80.893379), 
(28.443867, -80.893653), 
(28.443504, -80.893915), 
(28.443294, -80.893996), 
(28.443064, -80.894034), 
(28.442954, -80.894034), 
(28.442667, -80.893947), 
(28.442459, -80.893854), 
(28.44236, -80.893778), 
(28.441775, -80.893244), 
(28.441687, -80.8932), 
(28.441511, -80.893156), 
(28.441346, -80.893194), 
(28.441227, -80.893306), 
(28.441116, -80.893443), 
(28.44104, -80.893717), 
(28.440941, -80.893966), 
(28.440819, -80.894116), 
(28.440632, -80.894253), 
(28.440571, -80.894265), 
(28.439939, -80.89424), 
(28.439718, -80.894253), 
(28.439355, -80.894378), 
(28.438628, -80.894453), 
(28.43842, -80.894416), 
(28.438222, -80.894291), 
(28.437991, -80.894204), 
(28.437847, -80.894217), 
(28.437754, -80.894254), 
(28.437732, -80.894291), 
(28.437633, -80.894366), 
(28.437567, -80.894466), 
(28.437556, -80.894553), 
(28.437568, -80.894876), 
(28.437412, -80.895151), 
(28.437304, -80.8952), 
(28.436961, -80.895263), 
(28.43672, -80.895443), 
(28.436632, -80.895667), 
(28.436677, -80.895879), 
(28.436842, -80.896122), 
(28.436919, -80.896196), 
(28.43705, -80.896246), 
(28.437194, -80.896346), 
(28.437282, -80.896508), 
(28.437303, -80.896682), 
(28.43726, -80.896757), 
(28.437204, -80.896807), 
(28.436655, -80.896956), 
(28.436576, -80.897), 
(28.436488, -80.897099), 
(28.436434, -80.897187), 
(28.436358, -80.897548), 
(28.436347, -80.897884), 
(28.436324, -80.897983), 
(28.436282, -80.898033), 
(28.436236, -80.898033), 
(28.436114, -80.897921), 
(28.435995, -80.897685), 
(28.435796, -80.897112), 
(28.435685, -80.897012), 
(28.435619, -80.896987), 
(28.435565, -80.896988), 
(28.435466, -80.897044), 
(28.435389, -80.897162), 
(28.435169, -80.897697), 
(28.43496, -80.898494), 
(28.434894, -80.898656), 
(28.434795, -80.89883), 
(28.434673, -80.89893), 
(28.433717, -80.899473), 
(28.433584, -80.899666), 
(28.433469, -80.900189), 
(28.433469, -80.900326), 
(28.433612, -80.900898), 
(28.433612, -80.900985), 
(28.433513, -80.901123), 
(28.433459, -80.901147), 
(28.433167, -80.901178), 
(28.433041, -80.901154), 
(28.43249, -80.900955), 
(28.432093, -80.900762), 
(28.431939, -80.900706), 
(28.431752, -80.900532), 
(28.43161, -80.900332), 
(28.43156, -80.900034), 
(28.431609, -80.899884), 
(28.431785, -80.899747), 
(28.431918, -80.899685), 
(28.432115, -80.899548), 
(28.43216, -80.899486), 
(28.432171, -80.899423), 
(28.432171, -80.899373), 
(28.432137, -80.899299), 
(28.432071, -80.899249), 
(28.431929, -80.899212), 
(28.431268, -80.899312), 
(28.430982, -80.899249), 
(28.43095, -80.899163), 
(28.430993, -80.899013), 
(28.431038, -80.898975), 
(28.431223, -80.898888), 
(28.431586, -80.898826), 
(28.431818, -80.898751), 
(28.431857, -80.898676), 
(28.431868, -80.898527), 
(28.431823, -80.89844), 
(28.431735, -80.898328), 
(28.431658, -80.898265), 
(28.431371, -80.898166), 
(28.430529, -80.897999), 
(28.429924, -80.897837), 
(28.429836, -80.897837), 
(28.429583, -80.897774), 
(28.428748, -80.897402), 
(28.427933, -80.896854), 
(28.427689, -80.89678), 
(28.427624, -80.896742), 
(28.427382, -80.896718), 
(28.427107, -80.896755), 
(28.426985, -80.896792), 
(28.426579, -80.896954), 
(28.426239, -80.897191), 
(28.426171, -80.897303), 
(28.426151, -80.897403), 
(28.426117, -80.897801), 
(28.426117, -80.897975), 
(28.42614, -80.898125), 
(28.426172, -80.898274), 
(28.426228, -80.898411), 
(28.426226, -80.898535), 
(28.426206, -80.89856), 
(28.426084, -80.898579), 
(28.42593, -80.898523), 
(28.425743, -80.898424), 
(28.425445, -80.898119), 
(28.42528, -80.89787), 
(28.425149, -80.897571), 
(28.425026, -80.896774), 
(28.424983, -80.896612), 
(28.424961, -80.896563), 
(28.424873, -80.896463), 
(28.424774, -80.896389), 
(28.42462, -80.896351), 
(28.424478, -80.896389), 
(28.424345, -80.896476), 
(28.424081, -80.8967), 
(28.423937, -80.896775), 
(28.423783, -80.896887), 
(28.423465, -80.896974), 
(28.4233, -80.8969), 
(28.423167, -80.896763), 
(28.423144, -80.896613), 
(28.423167, -80.896346), 
(28.423266, -80.896003), 
(28.423266, -80.895941), 
(28.423223, -80.895842), 
(28.423112, -80.895735), 
(28.423001, -80.895705), 
(28.422891, -80.895705), 
(28.422656, -80.895742), 
(28.422408, -80.895761), 
(28.421891, -80.895624), 
(28.421659, -80.895624), 
(28.420977, -80.89555), 
(28.420756, -80.89555), 
(28.420625, -80.895599), 
(28.42056, -80.895656), 
(28.420515, -80.89583), 
(28.420538, -80.896197), 
(28.420492, -80.896297), 
(28.42045, -80.896328), 
(28.42014, -80.896291), 
(28.419754, -80.895992), 
(28.419558, -80.895918), 
(28.419398, -80.895905), 
(28.419337, -80.89593), 
(28.41926, -80.896018), 
(28.419161, -80.896179), 
(28.419062, -80.896403), 
(28.418969, -80.89649), 
(28.418897, -80.896528), 
(28.418786, -80.896527), 
(28.418622, -80.896466), 
(28.418468, -80.896341), 
(28.418412, -80.896241), 
(28.418324, -80.896154), 
(28.418247, -80.896043), 
(28.418127, -80.895843), 
(28.418059, -80.895682), 
(28.418016, -80.895171), 
(28.418027, -80.895096), 
(28.41805, -80.895046), 
(28.418248, -80.894847), 
(28.418566, -80.894773), 
(28.41883, -80.894798), 
(28.41904, -80.894785), 
(28.419182, -80.894722), 
(28.41927, -80.894623), 
(28.419281, -80.894461), 
(28.419259, -80.894362), 
(28.419159, -80.894199), 
(28.418918, -80.893963), 
(28.418787, -80.893764), 
(28.41873, -80.893515), 
(28.418653, -80.892843), 
(28.418598, -80.892582), 
(28.418506, -80.892332), 
(28.418449, -80.892258), 
(28.418307, -80.892121), 
(28.418043, -80.891972), 
(28.417943, -80.89196), 
(28.41779, -80.891891), 
(28.417646, -80.89186), 
(28.417029, -80.891648), 
(28.416898, -80.891624), 
(28.416589, -80.891487), 
(28.416359, -80.891251), 
(28.416205, -80.891014), 
(28.415972, -80.890485), 
(28.415884, -80.890186), 
(28.415841, -80.889688), 
(28.415874, -80.889202), 
(28.415879, -80.888904), 
(28.415858, -80.888717), 
(28.415867, -80.888493), 
(28.415813, -80.888294), 
(28.415702, -80.88807), 
(28.415537, -80.887946), 
(28.415438, -80.887896), 
(28.415207, -80.88792), 
(28.415065, -80.887909), 
(28.414955, -80.887946), 
(28.414646, -80.888132), 
(28.414332, -80.888233), 
(28.414179, -80.888245), 
(28.413739, -80.888332), 
(28.413475, -80.888283), 
(28.413066, -80.888083), 
(28.412813, -80.887872), 
(28.412736, -80.887785), 
(28.412616, -80.887598), 
(28.412449, -80.887262), 
(28.41218, -80.886851), 
(28.411927, -80.886521), 
(28.411785, -80.886286), 
(28.411674, -80.886155), 
(28.411475, -80.885825), 
(28.41118, -80.885396), 
(28.410748, -80.884886), 
(28.41066, -80.884823), 
(28.410342, -80.884699), 
(28.410154, -80.884687), 
(28.409989, -80.884699), 
(28.409857, -80.884724), 
(28.409737, -80.884774), 
(28.409328, -80.884849), 
(28.409121, -80.884849), 
(28.408988, -80.884812), 
(28.408834, -80.884713), 
(28.408746, -80.884594), 
(28.408647, -80.884401), 
(28.408558, -80.884003), 
(28.408535, -80.883804), 
(28.408427, -80.883418), 
(28.408316, -80.883206), 
(28.408217, -80.883132), 
(28.408041, -80.883045), 
(28.407677, -80.882958), 
(28.407249, -80.882884), 
(28.40703, -80.88292), 
(28.406939, -80.88297), 
(28.406544, -80.883083), 
(28.406346, -80.883438), 
(28.406331, -80.883823), 
(28.406351, -80.884066), 
(28.406385, -80.884191), 
(28.406462, -80.884365), 
(28.406451, -80.884651), 
(28.406408, -80.88485), 
(28.406133, -80.885075), 
(28.405506, -80.885306), 
(28.405296, -80.88543), 
(28.405163, -80.885567), 
(28.405032, -80.885742), 
(28.404868, -80.886009), 
(28.404713, -80.88619), 
(28.404613, -80.886265), 
(28.404406, -80.886377), 
(28.404306, -80.886389), 
(28.403954, -80.88634), 
(28.403656, -80.886178), 
(28.403446, -80.885991), 
(28.402941, -80.88563), 
(28.402753, -80.885544), 
(28.402401, -80.885494), 
(28.401972, -80.885494), 
(28.40162, -80.885519), 
(28.400982, -80.885763), 
(28.400508, -80.886111), 
(28.400145, -80.886453), 
(28.400057, -80.886515), 
(28.399942, -80.886553), 
(28.399716, -80.886528), 
(28.399507, -80.886416), 
(28.399398, -80.886329), 
(28.399299, -80.886242), 
(28.399138, -80.886056), 
(28.398892, -80.88567), 
(28.398716, -80.885296), 
(28.398627, -80.885172), 
(28.398593, -80.884985), 
(28.398494, -80.884699), 
(28.398352, -80.884563), 
(28.398218, -80.884476), 
(28.397659, -80.884364), 
(28.397043, -80.884352), 
(28.396546, -80.884427), 
(28.39614, -80.884576), 
(28.395896, -80.884701), 
(28.395777, -80.884837), 
(28.39571, -80.885), 
(28.395699, -80.885261), 
(28.395748, -80.885447), 
(28.395886, -80.885677), 
(28.396119, -80.885895), 
(28.396503, -80.886144), 
(28.396602, -80.886294), 
(28.396625, -80.886381), 
(28.396557, -80.886717), 
(28.396327, -80.886879), 
(28.396228, -80.886916), 
(28.395998, -80.886966), 
(28.395666, -80.886991), 
(28.395321, -80.886991), 
(28.395199, -80.886966), 
(28.394958, -80.886985), 
(28.394648, -80.887072), 
(28.39422, -80.887234), 
(28.393857, -80.887545), 
(28.393582, -80.887907), 
(28.393528, -80.888019), 
(28.393517, -80.888093), 
(28.393406, -80.888305), 
(28.39322, -80.889002), 
(28.393175, -80.889288), 
(28.393098, -80.889438), 
(28.393021, -80.889512), 
(28.392791, -80.889587), 
(28.392692, -80.8896), 
(28.392505, -80.88955), 
(28.392053, -80.889338), 
(28.391667, -80.889251), 
(28.391547, -80.889201), 
(28.391292, -80.88914), 
(28.390633, -80.888935), 
(28.390148, -80.888748), 
(28.389895, -80.888587), 
(28.389807, -80.888549), 
(28.3895, -80.888288), 
(28.389191, -80.888083), 
(28.38908, -80.888033), 
(28.388827, -80.887984), 
(28.38852, -80.887971), 
(28.388001, -80.887884), 
(28.387484, -80.887922), 
(28.387155, -80.887972), 
(28.386681, -80.888134), 
(28.386517, -80.888208), 
(28.386318, -80.888333), 
(28.386153, -80.888382), 
(28.385867, -80.888433), 
(28.385648, -80.888396), 
(28.38556, -80.888334), 
(28.385449, -80.888209), 
(28.385361, -80.887972), 
(28.385338, -80.887799), 
(28.385338, -80.887487), 
(28.385295, -80.887226), 
(28.38526, -80.886691), 
(28.385152, -80.88623), 
(28.385086, -80.886019), 
(28.384998, -80.885808), 
(28.384876, -80.885596), 
(28.384831, -80.885459), 
(28.384634, -80.885198), 
(28.38437, -80.884918), 
(28.38404, -80.884613), 
(28.383324, -80.884047), 
(28.38308, -80.883811), 
(28.382904, -80.8836), 
(28.38229, -80.882629), 
(28.382057, -80.882349), 
(28.38175, -80.882144), 
(28.381486, -80.88202), 
(28.381077, -80.88192), 
(28.380858, -80.881796), 
(28.380747, -80.881709), 
(28.380659, -80.881597), 
(28.380571, -80.881423), 
(28.380517, -80.88123), 
(28.380498, -80.880957), 
(28.380555, -80.880645), 
(28.380631, -80.880415), 
(28.380665, -80.880141), 
(28.380665, -80.87998), 
(28.380608, -80.879818), 
(28.380542, -80.879724), 
(28.380333, -80.879613), 
(28.380136, -80.879575), 
(28.379926, -80.879563), 
(28.379574, -80.879594), 
(28.379475, -80.879619), 
(28.379265, -80.879607), 
(28.378441, -80.879421), 
(28.378198, -80.879414), 
(28.378082, -80.879446), 
(28.377658, -80.879459), 
(28.377218, -80.879546), 
(28.377087, -80.879608), 
(28.3769, -80.879795), 
(28.376481, -80.880343), 
(28.376416, -80.880492), 
(28.376087, -80.881015), 
(28.375882, -80.881407), 
(28.375785, -80.881513), 
(28.37574, -80.881599), 
(28.375399, -80.881861), 
(28.3753, -80.881911), 
(28.375282, -80.881923), 
(28.375282, -80.881942), 
(28.375135, -80.881924), 
(28.375, -80.881888), 
(28.374925, -80.881868), 
(28.374849, -80.881812), 
(28.374733, -80.881731), 
(28.374611, -80.881581), 
(28.374611, -80.881507), 
(28.374622, -80.881407), 
(28.374764, -80.881121), 
(28.375008, -80.880729), 
(28.375134, -80.880505), 
(28.375184, -80.880399), 
(28.375206, -80.880312), 
(28.375199, -80.880144), 
(28.375145, -80.880001), 
(28.375088, -80.879958), 
(28.375, -80.879942), 
(28.374946, -80.879932), 
(28.374637, -80.879983), 
(28.374197, -80.880132), 
(28.373807, -80.880164), 
(28.373439, -80.880095), 
(28.373179, -80.880014), 
(28.372899, -80.879878), 
(28.372678, -80.879635), 
(28.372447, -80.879262), 
(28.372336, -80.878932), 
(28.372293, -80.878547), 
(28.372304, -80.878155), 
(28.372349, -80.877626), 
(28.37243, -80.877166), 
(28.372497, -80.877054), 
(28.372556, -80.877003), 
(28.372667, -80.876991), 
(28.372946, -80.876984), 
(28.373045, -80.876954), 
(28.373156, -80.876892), 
(28.373251, -80.876767), 
(28.373305, -80.876642), 
(28.37337, -80.876487), 
(28.373415, -80.876294), 
(28.373458, -80.876051), 
(28.373475, -80.875747), 
(28.373448, -80.875554), 
(28.373403, -80.875386), 
(28.373292, -80.875143), 
(28.373227, -80.875044), 
(28.373174, -80.875), 
(28.373084, -80.874925), 
(28.37282, -80.874839), 
(28.372154, -80.874776), 
(28.372127, -80.874776), 
(28.371944, -80.874739), 
(28.371868, -80.87472), 
(28.371588, -80.874614), 
(28.371258, -80.874309), 
(28.370917, -80.873855), 
(28.370587, -80.873382), 
(28.370212, -80.872983), 
(28.369871, -80.872759), 
(28.369322, -80.87246), 
(28.369029, -80.872385), 
(28.368672, -80.872335), 
(28.368275, -80.872292), 
(28.367758, -80.872341), 
(28.367307, -80.872546), 
(28.366696, -80.872807), 
(28.365992, -80.873111), 
(28.364709, -80.873683), 
(28.364275, -80.873838), 
(28.36356, -80.873937), 
(28.362926, -80.874006), 
(28.362394, -80.874018), 
(28.359312, -80.873226), 
(28.358019, -80.872596), 
(28.357023, -80.871968), 
(28.356253, -80.871495), 
(28.355165, -80.870841), 
(28.354334, -80.870355), 
(28.353426, -80.869795), 
(28.352886, -80.869378), 
(28.35184, -80.868507), 
(28.351054, -80.867741), 
(28.350207, -80.866839), 
(28.349475, -80.866068), 
(28.348693, -80.865003), 
(28.348178, -80.864275), 
(28.348006, -80.863983), 
(28.347561, -80.863261), 
(28.347561, -80.865139), 
(28.347619, -80.871665), 
(28.34759, -80.874775), 
(28.347591, -80.875), 
(28.347603, -80.878909), 
(28.347616, -80.883057), 
(28.347612, -80.887318), 
(28.347607, -80.891424), 
(28.347592, -80.89908), 
(28.347593, -80.899372), 
(28.347628, -80.907546), 
(28.347624, -80.91287), 
(28.347631, -80.919488), 
(28.34762, -80.924645), 
(28.34762, -80.924688), 
(28.347643, -80.929397), 
(28.347621, -80.935635), 
(28.347599, -80.941452), 
(28.34761, -80.945277), 
(28.34761, -80.945762), 
(28.347571, -80.949911), 
(28.34756, -80.950912), 
(28.34752, -80.958502), 
(28.347513, -80.967141), 
(28.347528, -80.972677), 
(28.34754, -80.975184), 
(28.347549, -80.977771), 
(28.347554, -80.978867), 
(28.347595, -80.986268), 
(28.347589, -80.990976), 
(28.347603, -80.995343), 
(28.347607, -80.99635), 
(28.347607, -80.999778), 
(28.347623, -80.999778), 
(28.347621, -81.0), 
(28.347591, -81.003713), 
(28.3476, -81.007719), 
(28.347568, -81.012415), 
(28.347604, -81.018044), 
(28.347634, -81.028774), 
(28.347673, -81.033911), 
(28.347708, -81.039224), 
(28.347753, -81.045232), 
(28.347793, -81.055694), 
(28.347819, -81.06174), 
(28.347819, -81.062723), 
(28.347837, -81.067401), 
(28.347902, -81.072153), 
(28.347928, -81.078622), 
(28.34796, -81.08496), 
(28.347983, -81.088636), 
(28.348048, -81.092443), 
(28.348047, -81.093351), 
(28.348096, -81.09475), 
(28.348094, -81.100442), 
(28.348128, -81.103527), 
(28.348115, -81.105947), 
(28.348185, -81.110979), 
(28.348181, -81.111384), 
(28.348223, -81.112192), 
(28.348244, -81.11371), 
(28.348244, -81.116273), 
(28.348234, -81.124782), 
(28.348237, -81.125), 
(28.348274, -81.127933), 
(28.348299, -81.134862), 
(28.348357, -81.144323), 
(28.348549, -81.160824), 
(28.348409, -81.173993), 
(28.348358, -81.177936), 
(28.348288, -81.184927), 
(28.348194, -81.194426), 
(28.348166, -81.201255), 
(28.348131, -81.211033), 
(28.348069, -81.219816), 
(28.348019, -81.227666), 
(28.348023, -81.231951), 
(28.348041, -81.236772), 
(28.348029, -81.244087), 
(28.348005, -81.249785), 
(28.348005, -81.25), 
(28.34803, -81.260095), 
(28.348036, -81.274377), 
(28.348036, -81.276635), 
(28.348085, -81.299649), 
(28.348105, -81.309618), 
(28.348017, -81.320553), 
(28.348006, -81.324926), 
(28.348006, -81.326127), 
(28.347931, -81.34269), 
(28.347908, -81.350198), 
(28.347884, -81.359186), 
(28.347903, -81.374786), 
(28.347903, -81.375), 
(28.347892, -81.38279), 
(28.347878, -81.388755), 
(28.34788, -81.393444), 
(28.347895, -81.395174), 
(28.347881, -81.398552), 
(28.347881, -81.399378), 
(28.347887, -81.404131), 
(28.347895, -81.411203), 
(28.347896, -81.418275), 
(28.347901, -81.424606), 
(28.347901, -81.424651), 
(28.347935, -81.432631), 
(28.347989, -81.441021), 
(28.348028, -81.445823), 
(28.348089, -81.449928), 
(28.348132, -81.452665), 
(28.348188, -81.457523), 
(28.347542, -81.457511), 
(28.347453, -81.466019), 
(28.347397, -81.474335), 
(28.347396, -81.475199), 
(28.347366, -81.483758), 
(28.347346, -81.491383), 
(28.347315, -81.499788), 
(28.347295, -81.499788), 
(28.347295, -81.5), 
(28.347315, -81.52965), 
(28.347334, -81.546533), 
(28.347351, -81.563417), 
(28.347237, -81.592432), 
(28.34713, -81.603777), 
(28.347144, -81.605202), 
(28.347006, -81.624794), 
(28.347007, -81.625), 
(28.34705, -81.640185), 
(28.346902, -81.657021), 
(28.361328, -81.657143), 
(28.375, -81.657134), 
(28.375285, -81.657144), 
(28.379422, -81.657162), 
(28.385201, -81.65716), 
(28.3891, -81.657183), 
(28.38996, -81.657158), 
(28.397267, -81.65725), 
(28.409764, -81.657333), 
(28.419557, -81.657337), 
(28.433584, -81.657377), 
(28.434178, -81.657352), 
(28.446905, -81.657411), 
(28.448653, -81.657442), 
(28.449093, -81.657442), 
(28.45014, -81.657441), 
(28.457091, -81.657495), 
(28.460764, -81.657538), 
(28.465442, -81.657556), 
(28.466532, -81.657586), 
(28.469646, -81.657592), 
(28.473658, -81.657628), 
(28.475375, -81.657628), 
(28.476738, -81.657596), 
(28.477785, -81.657608), 
(28.481252, -81.657564), 
(28.483353, -81.657582), 
(28.487326, -81.657549), 
(28.5, -81.657521), 
(28.500031, -81.657521), 
(28.500277, -81.657528), 
(28.500277, -81.657458), 
(28.507043, -81.657456), 
(28.514472, -81.657341), 
(28.519502, -81.657372), 
(28.521591, -81.657402), 
(28.523931, -81.657439), 
(28.53006, -81.6574), 
(28.540009, -81.657373), 
(28.547569, -81.657258), 
(28.550623, -81.657276), 
(28.554497, -81.657294), 
(28.555937, -81.657219), 
(28.558106, -81.657193), 
(28.562745, -81.657192), 
(28.567421, -81.657209), 
(28.569226, -81.657171), 
(28.569336, -81.656984), 
(28.569419, -81.656872), 
(28.569494, -81.656791), 
(28.569551, -81.656754), 
(28.569621, -81.656698), 
(28.569667, -81.656667), 
(28.569687, -81.656585), 
(28.569677, -81.656442), 
(28.569677, -81.656379), 
(28.569716, -81.656292), 
(28.569793, -81.656193), 
(28.56992, -81.65608), 
(28.569979, -81.655993), 
(28.570112, -81.655881), 
(28.570228, -81.655775), 
(28.570294, -81.655669), 
(28.570397, -81.6555), 
(28.570508, -81.655207), 
(28.570541, -81.655027), 
(28.570585, -81.65474), 
(28.570596, -81.654459), 
(28.570628, -81.654192), 
(28.570661, -81.65398), 
(28.570721, -81.65363), 
(28.570815, -81.653406), 
(28.570874, -81.653213), 
(28.570909, -81.653051), 
(28.570899, -81.65292), 
(28.570953, -81.652751), 
(28.571001, -81.652696), 
(28.571139, -81.652633), 
(28.57131, -81.652646), 
(28.571563, -81.652589), 
(28.571911, -81.65262), 
(28.572103, -81.652608), 
(28.572295, -81.652514), 
(28.572472, -81.652402), 
(28.572648, -81.652346), 
(28.572901, -81.65224), 
(28.57312, -81.652159), 
(28.573274, -81.652078), 
(28.573494, -81.651971), 
(28.573697, -81.651872), 
(28.573847, -81.651753), 
(28.574001, -81.651635), 
(28.574154, -81.651554), 
(28.574331, -81.651497), 
(28.574545, -81.65146), 
(28.574771, -81.651404), 
(28.574974, -81.651391), 
(28.575223, -81.65141), 
(28.575525, -81.651466), 
(28.5757, -81.651547), 
(28.575993, -81.651603), 
(28.57625, -81.651697), 
(28.576432, -81.651802), 
(28.576615, -81.651865), 
(28.576768, -81.65194), 
(28.576962, -81.651964), 
(28.577264, -81.652033), 
(28.577528, -81.652083), 
(28.577808, -81.652107), 
(28.578105, -81.652139), 
(28.5786, -81.652038), 
(28.578891, -81.651945), 
(28.579194, -81.651876), 
(28.579453, -81.651933), 
(28.579767, -81.652001), 
(28.580053, -81.652007), 
(28.580334, -81.651926), 
(28.580752, -81.651695), 
(28.580967, -81.651545), 
(28.581276, -81.65124), 
(28.581561, -81.650978), 
(28.581797, -81.650735), 
(28.581967, -81.650466), 
(28.582028, -81.650074), 
(28.582139, -81.649612), 
(28.582275, -81.64927), 
(28.582562, -81.648902), 
(28.583503, -81.648353), 
(28.583811, -81.648191), 
(28.584136, -81.64811), 
(28.584427, -81.648103), 
(28.584856, -81.648166), 
(28.585175, -81.648322), 
(28.585434, -81.648496), 
(28.586, -81.649013), 
(28.586277, -81.649231), 
(28.586414, -81.649319), 
(28.586645, -81.649524), 
(28.586875, -81.649723), 
(28.587051, -81.65001), 
(28.587233, -81.650253), 
(28.587421, -81.650496), 
(28.587646, -81.650714), 
(28.587904, -81.650945), 
(28.588284, -81.651362), 
(28.588367, -81.651443), 
(28.588439, -81.651512), 
(28.588565, -81.651624), 
(28.58883, -81.651854), 
(28.589034, -81.652091), 
(28.589198, -81.652279), 
(28.589384, -81.652409), 
(28.5896, -81.652627), 
(28.589804, -81.652883), 
(28.59004, -81.653107), 
(28.590287, -81.653344), 
(28.590514, -81.653612), 
(28.590904, -81.654042), 
(28.591213, -81.654541), 
(28.591379, -81.654865), 
(28.591548, -81.655239), 
(28.59162, -81.655388), 
(28.591707, -81.655538), 
(28.591994, -81.655968), 
(28.592148, -81.656261), 
(28.592193, -81.656336), 
(28.592264, -81.656498), 
(28.592302, -81.656579), 
(28.59234, -81.656666), 
(28.592423, -81.65681), 
(28.592533, -81.656884), 
(28.592594, -81.656934), 
(28.592611, -81.657196), 
(28.594768, -81.657177), 
(28.599759, -81.657238), 
(28.606025, -81.657299), 
(28.612612, -81.657391), 
(28.619065, -81.657533), 
(28.623506, -81.65755), 
(28.625, -81.657596), 
(28.625272, -81.657605), 
(28.631033, -81.657684), 
(28.653213, -81.658058), 
(28.665016, -81.658217), 
(28.671381, -81.658346), 
(28.676731, -81.658414), 
(28.68357, -81.65848), 
(28.687251, -81.658435), 
(28.694542, -81.65841), 
(28.699332, -81.658427), 
(28.704721, -81.658451), 
(28.706178, -81.658506), 
(28.709827, -81.658499), 
(28.711993, -81.658492), 
(28.713137, -81.658486), 
(28.717391, -81.658472), 
(28.720753, -81.658515), 
(28.724401, -81.65852), 
(28.724979, -81.65852), 
(28.732182, -81.658512), 
(28.733387, -81.658499), 
(28.73535, -81.658505), 
(28.741244, -81.658485), 
(28.745767, -81.658453), 
(28.745805, -81.658452), 
(28.75, -81.658457), 
(28.750273, -81.658458), 
(28.751277, -81.658487), 
(28.75366, -81.658493), 
(28.757929, -81.658466), 
(28.76369, -81.658489), 
(28.766769, -81.65852), 
(28.766941, -81.658445), 
(28.766985, -81.658339), 
(28.767012, -81.658239), 
(28.767017, -81.658164), 
(28.767051, -81.658133), 
(28.767156, -81.658058), 
(28.767408, -81.657958), 
(28.767436, -81.657946), 
(28.767662, -81.657839), 
(28.76803, -81.657664), 
(28.768311, -81.65752), 
(28.768449, -81.657458), 
(28.768575, -81.657452), 
(28.768707, -81.657376), 
(28.768833, -81.657245), 
(28.768911, -81.657152), 
(28.769031, -81.657058), 
(28.769246, -81.656914), 
(28.769407, -81.656808), 
(28.769569, -81.656721), 
(28.769703, -81.656621), 
(28.769769, -81.656583), 
(28.769823, -81.656521), 
(28.769857, -81.65644), 
(28.769867, -81.65634), 
(28.769845, -81.656227), 
(28.769764, -81.656159), 
(28.769642, -81.656134), 
(28.769448, -81.656096), 
(28.769422, -81.65609), 
(28.769272, -81.656077), 
(28.769108, -81.655971), 
(28.768911, -81.655822), 
(28.76879, -81.655591), 
(28.768651, -81.65541), 
(28.768574, -81.655279), 
(28.768548, -81.655198), 
(28.768515, -81.655054), 
(28.768475, -81.654929), 
(28.768404, -81.654704), 
(28.768201, -81.654267), 
(28.768118, -81.65418), 
(28.767947, -81.654055), 
(28.767798, -81.653968), 
(28.767676, -81.653924), 
(28.767606, -81.653899), 
(28.767528, -81.653855), 
(28.767458, -81.65378), 
(28.767429, -81.653712), 
(28.767425, -81.653699), 
(28.767391, -81.653687), 
(28.76733, -81.653693), 
(28.767253, -81.653737), 
(28.767188, -81.653768), 
(28.767104, -81.653787), 
(28.767016, -81.653793), 
(28.766928, -81.653787), 
(28.766653, -81.653737), 
(28.766615, -81.653737), 
(28.766572, -81.653693), 
(28.766505, -81.653593), 
(28.76646, -81.65345), 
(28.766389, -81.653206), 
(28.766361, -81.652969), 
(28.766369, -81.652806), 
(28.766341, -81.652588), 
(28.766323, -81.652407), 
(28.766367, -81.652325), 
(28.766317, -81.652226), 
(28.76633, -81.652088), 
(28.766412, -81.651832), 
(28.766456, -81.651707), 
(28.766521, -81.651626), 
(28.766533, -81.651577), 
(28.7665, -81.651445), 
(28.766479, -81.651189), 
(28.766466, -81.651002), 
(28.766532, -81.650865), 
(28.766659, -81.650671), 
(28.766768, -81.650546), 
(28.766896, -81.650278), 
(28.766989, -81.649996), 
(28.767045, -81.649771), 
(28.767109, -81.649428), 
(28.767153, -81.649278), 
(28.767274, -81.649041), 
(28.767456, -81.648854), 
(28.767725, -81.648603), 
(28.767874, -81.648523), 
(28.768006, -81.648466), 
(28.767972, -81.648322), 
(28.768007, -81.648279), 
(28.768138, -81.64816), 
(28.768342, -81.647998), 
(28.768545, -81.647854), 
(28.768645, -81.647785), 
(28.768738, -81.647735), 
(28.768772, -81.647722), 
(28.768804, -81.64761), 
(28.768836, -81.647529), 
(28.768947, -81.647342), 
(28.76897, -81.647317), 
(28.769139, -81.647254), 
(28.769321, -81.647098), 
(28.769452, -81.64696), 
(28.769525, -81.646879), 
(28.769629, -81.64681), 
(28.76976, -81.646754), 
(28.769821, -81.646704), 
(28.769883, -81.64658), 
(28.769903, -81.646492), 
(28.769954, -81.646442), 
(28.770019, -81.646398), 
(28.77023, -81.646286), 
(28.770438, -81.646223), 
(28.770453, -81.646211), 
(28.770795, -81.646036), 
(28.771132, -81.645905), 
(28.771367, -81.645767), 
(28.771643, -81.645599), 
(28.771912, -81.645486), 
(28.772131, -81.645417), 
(28.772446, -81.645267), 
(28.772645, -81.645167), 
(28.772936, -81.645167), 
(28.773453, -81.645067), 
(28.773618, -81.644992), 
(28.77386, -81.644935), 
(28.774135, -81.644916), 
(28.774212, -81.644885), 
(28.774316, -81.644891), 
(28.774558, -81.64486), 
(28.775142, -81.644785), 
(28.775384, -81.644797), 
(28.775427, -81.644766), 
(28.775506, -81.644779), 
(28.775549, -81.644804), 
(28.775571, -81.644835), 
(28.775598, -81.644891), 
(28.77562, -81.644916), 
(28.775658, -81.644929), 
(28.775715, -81.64491), 
(28.775801, -81.644835), 
(28.775907, -81.644785), 
(28.776138, -81.644785), 
(28.776264, -81.644753), 
(28.776424, -81.644816), 
(28.776561, -81.644872), 
(28.776627, -81.644878), 
(28.776692, -81.644859), 
(28.776749, -81.64484), 
(28.776771, -81.644897), 
(28.776824, -81.645022), 
(28.776853, -81.645103), 
(28.776914, -81.645165), 
(28.777007, -81.645146), 
(28.777084, -81.645103), 
(28.777134, -81.645034), 
(28.777188, -81.644984), 
(28.777283, -81.644959), 
(28.777657, -81.64504), 
(28.778031, -81.645128), 
(28.7782, -81.645159), 
(28.77825, -81.64519), 
(28.778317, -81.645228), 
(28.778398, -81.645296), 
(28.778466, -81.645278), 
(28.778624, -81.645252), 
(28.7788, -81.645308), 
(28.778883, -81.64537), 
(28.778955, -81.645427), 
(28.779027, -81.645483), 
(28.77918, -81.645514), 
(28.779406, -81.645514), 
(28.779566, -81.645526), 
(28.779654, -81.645508), 
(28.779731, -81.645458), 
(28.779792, -81.645476), 
(28.77988, -81.645533), 
(28.779945, -81.645645), 
(28.780044, -81.645701), 
(28.780176, -81.645832), 
(28.780363, -81.645889), 
(28.780638, -81.645926), 
(28.78104, -81.645926), 
(28.7812, -81.645907), 
(28.781304, -81.645882), 
(28.781547, -81.645944), 
(28.781723, -81.646057), 
(28.781971, -81.646188), 
(28.782191, -81.64635), 
(28.782351, -81.646488), 
(28.782488, -81.646599), 
(28.782758, -81.646731), 
(28.783005, -81.646862), 
(28.783147, -81.647005), 
(28.783308, -81.647143), 
(28.783488, -81.647336), 
(28.783604, -81.647511), 
(28.783704, -81.647617), 
(28.783886, -81.647729), 
(28.784172, -81.647785), 
(28.784452, -81.647711), 
(28.784706, -81.647579), 
(28.784842, -81.647417), 
(28.784969, -81.647161), 
(28.785078, -81.646986), 
(28.785321, -81.646792), 
(28.785524, -81.646667), 
(28.785843, -81.646592), 
(28.785865, -81.643962), 
(28.785848, -81.639447), 
(28.785856, -81.635762), 
(28.785857, -81.635419), 
(28.785863, -81.63392), 
(28.785941, -81.624795), 
(28.785983, -81.62458), 
(28.785983, -81.624517), 
(28.785946, -81.619746), 
(28.785871, -81.614519), 
(28.78584, -81.609397), 
(28.785835, -81.607879), 
(28.785849, -81.600322), 
(28.785901, -81.593576), 
(28.785895, -81.592952), 
(28.785885, -81.587474), 
(28.785859, -81.582134), 
(28.785855, -81.576407), 
(28.785844, -81.572004), 
(28.785839, -81.561398), 
(28.785904, -81.551056), 
(28.785921, -81.545229), 
(28.785992, -81.538914), 
(28.786033, -81.529914), 
(28.786004, -81.524381), 
(28.785992, -81.519072), 
(28.785946, -81.513569), 
(28.785939, -81.51014), 
(28.785939, -81.508979), 
(28.785992, -81.505418), 
(28.786023, -81.50139), 
(28.786017, -81.5), 
(28.786016, -81.49979), 
(28.78598, -81.495306), 
(28.785884, -81.489035), 
(28.78581, -81.478023), 
(28.785718, -81.470885), 
(28.785656, -81.460929), 
(28.78565, -81.46001), 
(28.785541, -81.448724), 
(28.785531, -81.442754), 
(28.785526, -81.439562), 
(28.785548, -81.427089), 
(28.785503, -81.418414), 
(28.785497, -81.41461), 
(28.785287, -81.414504), 
(28.785143, -81.41446), 
(28.785016, -81.414454), 
(28.784901, -81.414492), 
(28.784847, -81.41456), 
(28.784792, -81.414698), 
(28.78478, -81.414817), 
(28.784731, -81.414904), 
(28.784561, -81.41506), 
(28.784296, -81.41521), 
(28.784032, -81.41526), 
(28.78384, -81.415291), 
(28.783619, -81.415254), 
(28.783294, -81.415216), 
(28.783075, -81.415222), 
(28.78287, -81.41526), 
(28.782696, -81.41531), 
(28.782531, -81.415429), 
(28.782398, -81.41546), 
(28.782111, -81.415498), 
(28.781885, -81.415491), 
(28.781694, -81.415491), 
(28.781561, -81.415466), 
(28.781446, -81.415404), 
(28.781347, -81.41531), 
(28.781214, -81.415142), 
(28.781144, -81.415061), 
(28.781034, -81.414973), 
(28.780829, -81.414936), 
(28.780671, -81.414923), 
(28.780427, -81.415005), 
(28.780284, -81.415099), 
(28.78012, -81.415161), 
(28.779989, -81.415192), 
(28.779828, -81.415217), 
(28.779591, -81.41518), 
(28.779118, -81.415111), 
(28.778872, -81.415067), 
(28.778398, -81.415018), 
(28.778128, -81.414974), 
(28.777726, -81.414811), 
(28.777605, -81.414768), 
(28.777413, -81.414737), 
(28.777222, -81.41473), 
(28.777084, -81.414743), 
(28.776978, -81.414743), 
(28.776862, -81.414762), 
(28.776736, -81.41478), 
(28.776587, -81.414793), 
(28.776417, -81.414837), 
(28.776307, -81.414868), 
(28.776043, -81.414856), 
(28.775702, -81.414856), 
(28.77553, -81.414931), 
(28.7754, -81.41495), 
(28.775152, -81.414912), 
(28.774969, -81.414843), 
(28.774822, -81.414825), 
(28.774678, -81.414881), 
(28.774528, -81.414937), 
(28.774382, -81.414987), 
(28.774314, -81.415037), 
(28.77421, -81.415137), 
(28.774083, -81.415287), 
(28.773997, -81.415475), 
(28.773924, -81.415593), 
(28.77387, -81.415655), 
(28.773797, -81.415706), 
(28.773737, -81.415743), 
(28.773639, -81.415756), 
(28.773441, -81.415787), 
(28.773188, -81.415812), 
(28.772994, -81.415756), 
(28.772856, -81.415762), 
(28.77266, -81.415725), 
(28.772473, -81.4157), 
(28.772209, -81.415731), 
(28.771933, -81.415837), 
(28.771642, -81.415905), 
(28.771416, -81.415887), 
(28.771222, -81.415862), 
(28.771003, -81.415899), 
(28.770547, -81.416143), 
(28.770336, -81.416193), 
(28.770111, -81.416281), 
(28.769923, -81.416325), 
(28.769781, -81.416324), 
(28.769639, -81.416356), 
(28.769573, -81.416406), 
(28.769417, -81.416443), 
(28.769325, -81.416474), 
(28.769187, -81.416462), 
(28.769061, -81.416437), 
(28.768935, -81.416388), 
(28.768768, -81.416331), 
(28.768649, -81.4163), 
(28.768446, -81.416288), 
(28.768278, -81.416287), 
(28.767994, -81.416313), 
(28.767818, -81.416294), 
(28.767624, -81.416256), 
(28.767471, -81.416237), 
(28.767288, -81.41615), 
(28.767074, -81.416063), 
(28.766903, -81.415957), 
(28.766704, -81.415857), 
(28.766556, -81.415782), 
(28.766337, -81.415738), 
(28.766143, -81.415751), 
(28.765841, -81.415657), 
(28.765595, -81.415664), 
(28.765347, -81.415682), 
(28.765164, -81.41572), 
(28.764967, -81.415733), 
(28.764792, -81.415757), 
(28.764548, -81.415764), 
(28.764356, -81.41572), 
(28.764207, -81.415645), 
(28.763971, -81.415495), 
(28.763811, -81.415352), 
(28.763568, -81.415171), 
(28.763326, -81.415183), 
(28.763073, -81.415202), 
(28.762855, -81.415296), 
(28.762667, -81.415383), 
(28.762579, -81.415427), 
(28.762529, -81.415464), 
(28.762429, -81.415558), 
(28.762326, -81.415558), 
(28.762089, -81.41554), 
(28.761836, -81.415521), 
(28.761588, -81.415502), 
(28.761401, -81.415514), 
(28.761083, -81.415521), 
(28.760746, -81.41559), 
(28.76055, -81.415677), 
(28.760306, -81.415727), 
(28.760147, -81.415727), 
(28.760021, -81.415708), 
(28.759762, -81.415721), 
(28.759482, -81.415746), 
(28.759229, -81.415864), 
(28.759095, -81.415964), 
(28.75903, -81.416039), 
(28.758957, -81.416077), 
(28.758903, -81.416121), 
(28.758788, -81.416171), 
(28.758578, -81.416239), 
(28.758363, -81.416283), 
(28.758237, -81.416265), 
(28.758149, -81.416252), 
(28.758007, -81.416271), 
(28.757815, -81.416333), 
(28.757639, -81.416377), 
(28.757413, -81.416408), 
(28.757077, -81.416377), 
(28.756855, -81.41639), 
(28.756648, -81.41639), 
(28.756476, -81.416402), 
(28.756334, -81.416433), 
(28.756246, -81.416465), 
(28.756092, -81.416533), 
(28.755866, -81.416552), 
(28.755645, -81.416502), 
(28.755524, -81.416477), 
(28.755355, -81.416478), 
(28.755086, -81.416571), 
(28.755025, -81.41669), 
(28.754959, -81.416846), 
(28.754953, -81.417033), 
(28.754931, -81.417158), 
(28.754837, -81.417401), 
(28.754749, -81.417564), 
(28.754633, -81.417713), 
(28.754514, -81.41777), 
(28.754419, -81.417801), 
(28.754304, -81.417802), 
(28.754056, -81.417752), 
(28.753842, -81.417677), 
(28.753528, -81.41762), 
(28.753226, -81.417614), 
(28.752916, -81.417602), 
(28.75267, -81.417621), 
(28.752465, -81.417614), 
(28.752289, -81.417671), 
(28.752036, -81.41777), 
(28.751812, -81.417908), 
(28.751579, -81.418033), 
(28.751321, -81.418108), 
(28.751069, -81.418176), 
(28.750798, -81.418195), 
(28.750579, -81.418214), 
(28.750468, -81.418245), 
(28.750272, -81.418309), 
(28.75, -81.418435), 
(28.749881, -81.41849), 
(28.749662, -81.418577), 
(28.749501, -81.418614), 
(28.749375, -81.418584), 
(28.749166, -81.418515), 
(28.748951, -81.418534), 
(28.748786, -81.41859), 
(28.748625, -81.418708), 
(28.748345, -81.418902), 
(28.748092, -81.419027), 
(28.74785, -81.419121), 
(28.747586, -81.419296), 
(28.747389, -81.419402), 
(28.747175, -81.419439), 
(28.746976, -81.419396), 
(28.746793, -81.41934), 
(28.746678, -81.419371), 
(28.746497, -81.41952), 
(28.74621, -81.41972), 
(28.745947, -81.419952), 
(28.745469, -81.420189), 
(28.744818, -81.420401), 
(28.744511, -81.420514), 
(28.744281, -81.420533), 
(28.744125, -81.420526), 
(28.743906, -81.420483), 
(28.743669, -81.420389), 
(28.743455, -81.420227), 
(28.743273, -81.420133), 
(28.742982, -81.420058), 
(28.742712, -81.420096), 
(28.742371, -81.420077), 
(28.742084, -81.420027), 
(28.74182, -81.420046), 
(28.741495, -81.420134), 
(28.741188, -81.42024), 
(28.740962, -81.420358), 
(28.740704, -81.420564), 
(28.740396, -81.420845), 
(28.740043, -81.421095), 
(28.73969, -81.421288), 
(28.739273, -81.421413), 
(28.739008, -81.421588), 
(28.73885, -81.421707), 
(28.738639, -81.421844), 
(28.73842, -81.421963), 
(28.738156, -81.422132), 
(28.737695, -81.422394), 
(28.737358, -81.42265), 
(28.736748, -81.422981), 
(28.735647, -81.42363), 
(28.735296, -81.423955), 
(28.734778, -81.424405), 
(28.734343, -81.424841), 
(28.733897, -81.42521), 
(28.733673, -81.425509), 
(28.733392, -81.425878), 
(28.733027, -81.426308), 
(28.732677, -81.426577), 
(28.732301, -81.426821), 
(28.731993, -81.427164), 
(28.731708, -81.427439), 
(28.731217, -81.427732), 
(28.730926, -81.427913), 
(28.730618, -81.428175), 
(28.730343, -81.428612), 
(28.729513, -81.429461), 
(28.729232, -81.429674), 
(28.729017, -81.429779), 
(28.728753, -81.429917), 
(28.728462, -81.430086), 
(28.728247, -81.430248), 
(28.728005, -81.430366), 
(28.727878, -81.430416), 
(28.727729, -81.430454), 
(28.727592, -81.43041), 
(28.727328, -81.430366), 
(28.72714, -81.430329), 
(28.726953, -81.430261), 
(28.726739, -81.430211), 
(28.726547, -81.430261), 
(28.726271, -81.430429), 
(28.726002, -81.430622), 
(28.725695, -81.43091), 
(28.725491, -81.431115), 
(28.725291, -81.431384), 
(28.72511, -81.431658), 
(28.724867, -81.431964), 
(28.724677, -81.432277), 
(28.724555, -81.432464), 
(28.7244, -81.43272), 
(28.724099, -81.433007), 
(28.723696, -81.433306), 
(28.72335, -81.433638), 
(28.722931, -81.433988), 
(28.722509, -81.434293), 
(28.72221, -81.434562), 
(28.721875, -81.434824), 
(28.721599, -81.435092), 
(28.721198, -81.435473), 
(28.720787, -81.435797), 
(28.720576, -81.435985), 
(28.720445, -81.436072), 
(28.720258, -81.436178), 
(28.720131, -81.436228), 
(28.720004, -81.436321), 
(28.719939, -81.436409), 
(28.719911, -81.436571), 
(28.719861, -81.43674), 
(28.719779, -81.436871), 
(28.719691, -81.436958), 
(28.719614, -81.437021), 
(28.719521, -81.437058), 
(28.719327, -81.437133), 
(28.719085, -81.437252), 
(28.718976, -81.437345), 
(28.718904, -81.437452), 
(28.718826, -81.437695), 
(28.718691, -81.437851), 
(28.718507, -81.437976), 
(28.71832, -81.438051), 
(28.718127, -81.438119), 
(28.717832, -81.438231), 
(28.717628, -81.438288), 
(28.717479, -81.438369), 
(28.717298, -81.438575), 
(28.717148, -81.438781), 
(28.716944, -81.439043), 
(28.716786, -81.439312), 
(28.716643, -81.439605), 
(28.716527, -81.439798), 
(28.716368, -81.440017), 
(28.716119, -81.440329), 
(28.715922, -81.440665), 
(28.715806, -81.440891), 
(28.715636, -81.441102), 
(28.71536, -81.441284), 
(28.715118, -81.441502), 
(28.714936, -81.441702), 
(28.714866, -81.441989), 
(28.714837, -81.442351), 
(28.714777, -81.442825), 
(28.714518, -81.443312), 
(28.714287, -81.443649), 
(28.714035, -81.44413), 
(28.713771, -81.44481), 
(28.713621, -81.44584), 
(28.713638, -81.446159), 
(28.713721, -81.446414), 
(28.713869, -81.446626), 
(28.714051, -81.446739), 
(28.714441, -81.446907), 
(28.714788, -81.447051), 
(28.714959, -81.447238), 
(28.715123, -81.447494), 
(28.715251, -81.447737), 
(28.715326, -81.44795), 
(28.715376, -81.448131), 
(28.71542, -81.44843), 
(28.715387, -81.448668), 
(28.71524, -81.449092), 
